306249275820483112
0 512
32 262656
4 512
36 134480384
48 512
16 262656
52 512
20 68853957120
8 512
40 262656
12 512
44 134480384
56 512
24 262656
60 512
28 35253226045952
1 512
33 262656
5 512
37 134480384
17 262656
21 68853957120
9 512
41 262656
13 512
45 134480384
25 262656
29 18049651735527936
34 512
49 512
2 262656
38 512
53 512
6 134480384
18 512
22 512
42 512
57 512
10 262656
61 512
14 134480384
11 262656
58 262656
35 512
26 512
50 262656
3 262656
15 134480384
62 35253226045952
39 512
30 512
54 68853957120
7 134480384
19 512
51 262656
46 512
23 512
43 512
55 68853957120
47 512
59 262656
27 512
31 512
63 9241421688590303744
853225385328770
0 1280
1 525568
8 1280
9 268961024
2 1280
3 525568
10 1280
11 137707914496
16 1280
17 525568
24 1280
25 268961024
18 1280
19 525568
26 1280
12 1280
13 525568
20 1280
21 268961024
14 1280
22 1280
23 137707914496
15 525568
27 70506452092160
4 1280
28 1280
5 268961024
7 36099303471056128
30 1280
31 525568
6 1280
29 525568
9227894342155341826
0 2560
4 68096
16 1051136
20 1116672
2 2560
6 68096
18 537922048
22 537987584
13 2560
17 68096
29 1051136
15 2560
19 68096
31 275415828992
8 2560
12 68096
1 1116672
24 1051136
10 2560
3 275415894528
26 537922048
7 141012904184320
30 537987584
21 2560
14 68096
25 68096
9 1116672
23 2560
28 1116672
5 1051136
27 68096
11 141012904249856
37159097128189952
0 5120
2 136192
8 2102272
10 2233344
1 5120
3 16913408
9 2102272
11 19010560
16 5120
18 136192
24 1075844096
26 1075975168
17 5120
19 16913408
25 1075844096
27 1092752384
4 5120
12 2102272
14 2233344
13 2102272
15 19010560
22 136192
5 5120
28 550831657984
7 16913408
30 550831789056
23 16913408
6 136192
29 550831657984
21 5120
20 5120
31 550848566272
2306425819146256512
0 10240
2 272384
8 4204544
10 4466688
9 10240
11 33826816
17 4204544
19 38021120
16 10240
18 272384
25 10240
24 2151688192
1 2151688192
26 2151950336
3 2185504768
27 33826816
4 10240
12 4204544
14 4466688
13 10240
15 4328794112
21 4204544
23 4332988416
22 272384
5 2151688192
28 2151688192
30 2151950336
7 6480472064
6 272384
29 10240
20 10240
31 4328794112
1153064510949457920
0 20480
1 544768
4 8409088
5 8933376
2 20480
3 67653632
6 8409088
7 76042240
8 20480
9 544768
12 8409088
13 8933376
10 20480
11 8657588224
14 8409088
15 8665976832
16 20480
17 544768
20 8409088
21 8933376
18 20480
22 8409088
23 76042240
24 20480
25 544768
28 8409088
29 8933376
27 1108169216000
19 67653632
30 8409088
26 20480
31 1108177604608
77160376504025216
8 1089536
10 135307264
28 1089536
30 17315176448
1 40960
24 1089536
12 1089536
14 2216338432000
16 40960
18 40960
26 135307264
4 40960
29 1089536
6 40960
15 17315176448
13 1089536
25 1089536
2 40960
9 1089536
31 283691315142656
20 40960
0 40960
22 40960
11 135307264
71475504611840
0 16384
4 2113536
8 16384
12 270548992
6 16384
10 2113536
14 16384
18 34630287360
32 16384
36 2113536
40 16384
44 270548992
38 16384
42 2113536
46 16384
50 4432676798464
16 16384
20 2113536
24 16384
28 270548992
22 16384
26 2113536
30 16384
34 34630287360
48 16384
1 16384
52 2113536
5 2113536
56 16384
9 16384
60 270548992
13 270548992
54 16384
7 16384
58 2113536
11 2113536
62 16384
15 16384
19 34630287360
33 16384
37 2113536
41 16384
45 270548992
39 16384
43 2113536
47 16384
51 4432676798464
21 2113536
25 16384
29 270548992
23 16384
27 2113536
3 72624976668147712
2 567382630219776
49 16384
31 16384
53 2113536
35 34630287360
57 16384
61 270548992
55 16384
59 2113536
17 16384
63 16384
2616626800071350560
0 131074
8 67239938
27 131074
3 34426978306
16 131074
24 67239938
11 131074
19 17626613022722
10 131074
18 67239938
13 34426978306
26 131074
21 131074
4 131074
12 67239938
31 131074
20 131074
15 131074
22 67239938
9 131074
5 131074
28 67239938
29 9024825867763714
6 67239938
17 34426978306
7 34426978306
30 131074
14 131074
2 67239938
25 131074
23 17626613022722
1 4620710844295151618
1415656788590912
3 134545413
12 68854022149
19 134545413
8 327685
11 134545413
16 327685
20 68854022149
24 327685
0 327685
27 134545413
4 18049651735592965
13 134545413
22 68854022149
6 35253226110981
29 134545413
18 327685
26 327685
2 327685
30 68854022149
28 35253226110981
5 134545413
21 134545413
10 327685
14 9241421688590368773
40541338772571184
0 655370
2 17432586
8 269090826
10 285868042
4 655370
6 17432586
12 137708044298
14 137724821514
1 655370
9 269090826
11 285868042
13 70506452221962
15 70506468999178
16 655370
18 17432586
24 269090826
3 17432586
26 285868042
20 655370
22 17432586
5 655370
28 137708044298
17 655370
7 17432586
30 137724821514
19 17432586
25 269090826
27 285868042
23 17432586
29 36099303471185930
21 655370
31 36099303487963146
74322742719154176
0 1310740
6 34865172
24 538181652
30 571736084
9 1310740
15 4329832468
1 538181652
7 4866703380
16 1310740
22 34865172
14 275449643028
8 275416088596
31 4329832468
17 275416088596
23 279744610324
20 1310740
12 538181652
18 571736084
29 1310740
26 34865172
3 4329832468
27 4866703380
4 1310740
21 538181652
10 34865172
5 141012904443924
28 141012904443924
25 1310740
2 141012937998356
13 1310740
19 4329832468
11 141017232965652
72202798694925442
16 1076363304
20 1143472168
24 1076363304
28 9733406760
17 550832177192
21 550899286056
12 8659664936
22 1076363304
3 1659000848424
26 1143472168
30 1076363304
25 550832177192
2 1109245034536
29 559489220648
6 2621480
10 69730344
0 2621480
23 550832177192
4 69730344
27 550899286056
14 2621480
8 2621480
31 550832177192
18 1108171292712
2305913971472859136
0 5242960
1 139460688
4 2152726608
5 2286944336
10 5242960
11 17319329872
14 2152726608
15 19466813520
24 5242960
28 2152726608
25 139460688
2 5242960
29 2286944336
6 2152726608
16 5242960
17 139460688
20 2152726608
21 2286944336
3 2216342585424
26 5242960
27 17319329872
8 5242960
31 19466813520
9 139460688
7 2218490069072
30 2152726608
19 283691319296080
22 2152726608
13 2286944336
18 5242960
12 2152726608
23 283693466779728
4688247581594894338
0 10485920
1 278921376
12 10485920
13 34638659744
8 10485920
9 278921376
20 10485920
21 4432685170848
6 10485920
18 10485920
19 34638659744
14 10485920
15 278921376
16 10485920
17 278921376
29 34638659744
24 10485920
27 567382638592160
4 10485920
28 10485920
5 4432685170848
23 278921376
2 10485920
25 278921376
26 10485920
3 34638659744
7 278921376
30 10485920
10 10485920
31 278921376
22 10485920
11 72624976676520096
72638694657426468
0 4194368
4 541065280
8 4194368
12 69260542016
16 4194368
20 541065280
24 4194368
28 8865353564224
1 4194368
5 541065280
9 4194368
13 69260542016
17 4194368
21 541065280
25 4194368
2 4194368
29 1134765260406848
6 541065280
10 4194368
14 69260542016
18 4194368
26 4194368
3 4194368
30 8865353564224
7 541065280
22 541065280
11 4194368
15 69260542016
19 4194368
23 541065280
27 4194368
31 145249953336262720
37154972093252100
0 33554944
1 33554948
16 17213424128
17 17213424132
8 33554944
9 33554948
24 8813306446336
25 8813306446340
2 33554944
18 17213424128
19 17213424132
10 33554944
11 33554948
3 33554948
26 4512412933816832
27 4512412933816836
4 33554944
20 17213424128
21 17213424132
12 33554944
13 33554948
5 33554948
28 8813306446336
6 33554944
29 8813306446340
30 2310355422147510784
7 33554948
22 17213424128
23 17213424132
14 33554944
15 33554948
31 2310355422147510788
11538239846200117504
0 83887360
16 83887368
1 34443625728
17 34443625736
6 83887360
22 83887368
7 17626629670144
23 17626629670152
8 83887360
24 83887368
9 34443625728
14 83887360
30 83887368
15 9024825884411136
31 9024825884411144
20 83887368
21 34443625736
10 83887360
3 4620710844311799048
26 83887368
11 17626629670144
4 83887360
27 17626629670152
12 83887360
5 34443625728
28 83887368
13 34443625728
25 34443625736
2 83887368
18 83887360
29 34443625736
19 4620710844311799040
585609136830562816
0 167774720
32 167774721
2 167774736
34 167774737
104 4462742016
8 4462742017
106 4462742032
10 4462742033
33 68887251456
65 68887251457
35 68887251472
67 68887251473
9 73182218752
41 73182218753
11 73182218768
43 73182218769
16 167774720
48 167774721
18 167774736
50 167774737
120 4462742016
24 4462742017
122 4462742032
26 4462742033
49 35253259340288
81 35253259340289
51 35253259340304
83 35253259340305
25 35257554307584
57 35257554307585
27 35257554307600
59 35257554307601
36 167774720
68 167774721
38 167774736
70 167774737
44 4462742017
46 4462742033
69 68887251456
71 68887251472
45 73182218752
77 73182218753
47 73182218768
79 73182218769
52 167774720
84 167774721
54 167774736
86 167774737
60 4462742017
62 4462742033
85 18049651768822272
87 18049651768822288
61 18049656063789568
93 18049656063789569
63 18049656063789584
95 18049656063789585
64 167774720
96 167774721
66 167774736
40 4462742016
72 4462742017
42 4462742032
74 4462742033
97 68887251456
98 167774737
1 68887251457
99 68887251472
73 73182218752
105 73182218753
75 73182218768
107 73182218769
80 167774720
15 73182218769
112 167774721
82 167774736
56 4462742016
88 4462742017
58 4462742032
90 4462742033
113 35253259340288
116 167774720
19 35253259340305
89 35257554307584
121 35257554307585
91 35257554307600
101 68887251457
4 167774721
108 4462742017
13 73182218753
110 4462742033
102 167774736
5 68887251456
37 68887251457
39 68887251473
12 4462742016
109 73182218752
114 167774737
17 35253259340289
14 4462742032
111 73182218768
119 18049651768822289
22 167774737
117 18049651768822273
20 167774721
21 9241421688623598080
118 167774736
55 9241421688623598097
124 4462742017
29 9241421692918565377
126 4462742033
115 35253259340304
92 4462742016
23 9241421688623598096
78 4462742032
31 9241421692918565393
28 4462742016
125 9241421692918565376
123 35257554307601
76 4462742016
94 4462742032
30 4462742032
127 9241421692918565392
7 68887251472
3 68887251473
100 167774720
103 68887251473
6 167774737
53 9241421688623598081
13837312071840043049
0 335549440
16 335549442
64 335549472
80 335549474
8 8925484032
24 8925484034
72 8925484064
88 8925484066
33 137774502912
49 137774502914
97 137774502944
113 137774502946
41 146364437504
57 146364437506
105 146364437536
121 146364437538
32 335549440
48 335549442
96 335549472
112 335549474
40 1108437111808
56 1108437111810
104 1108437111840
120 1108437111842
65 137774502912
81 137774502914
1 137774502944
17 137774502946
73 1245876065280
89 1245876065282
9 1245876065312
68 335549472
84 335549474
76 8925484064
92 8925484066
37 70506518680576
53 70506518680578
4 335549440
101 70506518680608
20 335549442
117 70506518680610
45 70515108615168
61 70515108615170
12 8925484032
109 70515108615200
28 8925484034
125 70515108615202
36 335549440
52 335549442
44 1108437111808
60 1108437111810
69 70506518680576
85 70506518680578
77 71614620242944
93 71614620242946
66 335549472
82 335549474
74 8925484064
90 8925484066
35 137774502912
51 137774502914
2 335549440
99 137774502944
18 335549442
115 137774502946
43 146364437504
59 146364437506
10 8925484032
107 146364437536
26 8925484034
123 146364437538
34 335549440
98 335549472
42 1108437111808
106 1108437111840
114 335549474
67 137774502912
83 137774502914
50 335549442
100 335549472
3 137774502944
116 335549474
19 137774502946
25 1245876065314
122 1108437111842
75 1245876065280
91 1245876065282
58 1108437111810
108 1108437111840
11 1245876065312
124 1108437111842
27 1245876065314
103 36099303537644576
6 335549440
119 36099303537644578
22 335549442
111 36099312127579168
14 8925484032
127 36099312127579170
30 8925484034
86 335549474
39 36099303537644544
5 70506518680608
102 335549472
55 36099303537644546
94 8925484066
47 36099312127579136
13 71614620242976
110 1108437111840
63 36099312127579138
87 36099303537644546
79 36100411639206912
29 71614620242978
126 1108437111842
21 70506518680610
118 335549474
71 36099303537644544
46 1108437111808
70 335549472
23 36099303537644578
15 36100411639206944
62 1108437111810
54 335549442
7 36099303537644576
95 36100411639206914
38 335549440
78 8925484064
31 36100411639206946
703704699240449
0 671098880
10 671098884
40 671098944
50 671098948
16 17850968064
26 17850968068
56 17850968128
66 17850968132
64 275549005824
74 275549005828
104 275549005888
114 275549005892
80 292728875008
90 292728875012
120 292728875072
2 292728875076
9 671098880
19 671098884
49 671098944
59 671098948
25 2216874223616
35 2216874223620
65 2216874223680
75 2216874223684
73 275549005824
83 275549005828
113 275549005888
123 275549005892
89 2491752130560
99 2491752130564
1 2491752130624
60 671098944
70 671098948
36 17850968064
46 17850968068
76 17850968128
86 17850968132
84 141013037361152
94 141013037361156
39 671098884
69 671098944
79 671098948
45 2216874223616
55 2216874223620
85 2216874223680
95 2216874223684
93 141013037361152
6 141013037361220
103 141013037361156
12 141030217230400
109 143229240485888
22 141030217230404
119 143229240485892
31 143229240485956
32 671098880
42 671098884
72 671098944
82 671098948
48 17850968064
58 17850968068
88 17850968128
98 17850968132
96 275549005824
106 275549005828
15 141013037361220
112 292728875008
122 292728875012
34 292728875076
41 671098880
81 671098944
57 283691850934272
67 283691850934276
8 275549005888
105 275549005824
124 141013037361216
27 275549005892
24 292728875072
121 283966728841216
97 283691850934336
100 141030217230336
3 283966728841220
43 283966728841284
52 671098880
62 671098884
92 671098944
5 141013037361216
102 671098948
18 275549005892
115 275549005828
68 17850968064
116 141013037361152
29 671098880
126 141013037361156
125 141013037361152
28 141013037361216
51 671098884
101 671098944
4 141030217230336
91 671098948
44 141030217230400
38 141013037361220
11 2491752130628
108 17850968128
111 671098948
14 141030217230340
61 671098880
7 141013037361156
54 141030217230404
17 275549005888
77 283691850934272
87 283691850934276
33 283966728841280
30 671098884
127 283691850934340
21 143229240485952
118 17850968132
71 671098884
23 424704217196548
20 671098880
117 283691850934336
53 424704217196608
78 17850968068
37 141013037361216
47 141013037361220
107 283691850934340
110 141030217230340
13 424704217196544
63 424704217196612
4613948819809241096
0 1342197760
64 1342197768
1 1342197888
65 1342197896
12 35701936128
76 35701936136
13 35701936256
77 35701936264
48 551098011648
112 551098011656
49 551098011776
113 551098011784
60 585457750016
124 585457750024
61 585457750144
125 585457750152
2 1342197760
66 1342197768
3 1342197888
67 1342197896
14 4433748447232
78 4433748447240
15 4433748447360
79 4433748447368
50 551098011648
114 551098011656
51 551098011776
115 551098011784
62 4983504261120
126 4983504261128
63 4983504261248
32 1342197760
96 1342197768
33 1342197888
97 1342197896
44 35701936128
45 35701936256
109 35701936264
80 551098011648
16 551098011656
81 551098011776
17 551098011784
92 585457750016
28 585457750024
93 585457750144
29 585457750152
34 1342197760
98 1342197768
35 1342197888
99 1342197896
46 567383701868544
110 567383701868552
47 567383701868672
111 567383701868680
82 551098011648
18 551098011656
83 551098011776
94 567933457682432
127 4983504261256
30 567933457682440
95 567933457682560
31 567933457682568
72 1342197768
73 1342197896
84 35701936136
85 35701936264
56 551098011648
57 551098011776
68 585457750016
69 585457750144
75 1342197896
25 551098011784
122 551098011656
26 551098011656
123 551098011784
87 4433748447368
40 1342197760
7 4983504261256
104 1342197768
108 35701936136
11 1342197888
58 551098011648
8 1342197760
105 1342197896
52 35701936128
119 72624977739796616
22 4433748447232
19 551098011784
116 35701936136
120 551098011656
23 4433748447360
70 4983504261120
20 35701936128
117 35701936264
41 1342197888
88 551098011648
71 4983504261248
21 35701936256
118 72624977739796488
121 551098011784
24 551098011656
36 585457750024
89 551098011776
42 1342197760
37 585457750152
59 551098011776
9 1342197888
106 1342197768
90 551098011648
43 1342197888
103 72625527495610496
6 4983504261128
53 35701936256
100 585457750016
4 585457750024
101 585457750144
54 72624977739796480
5 585457750152
102 72625527495610368
55 72624977739796608
74 1342197768
27 551098011784
10 1342197760
107 1342197896
38 72625527495610376
91 551098011776
86 4433748447240
39 72625527495610504
10448914680466376720
0 2684395520
8 2684395536
10 71403872256
18 71403872272
19 2684395520
27 2684395536
29 8867496894464
5 8867496894480
16 2684395520
26 71403872256
3 2684395520
11 2684395536
13 1134767403737088
21 1134767403737104
4 2684395520
12 2684395536
14 71403872256
22 71403872272
23 2684395520
24 2684395536
1 8867496894464
31 2684395536
9 8867496894480
20 2684395520
7 2684395520
30 71403872256
28 2684395536
17 145249955479592960
6 71403872272
15 2684395536
2 71403872272
25 145249955479592976
215784005832704
0 1073758208
6 1073758240
9 138512711680
15 138512711712
4 1073758208
10 1073758240
13 17730698756096
19 17730698756128
8 1073758208
14 1073758240
17 138512711680
23 138512711712
12 1073758208
18 1073758240
21 2269530512441344
27 2269530512441376
16 1073758208
22 1073758240
31 138512711712
20 1073758208
26 1073758240
3 17730698756128
7 138512711712
30 1073758240
24 1073758208
1 138512711680
5 290499906664153088
28 1073758208
29 17730698756096
25 138512711680
2 1073758240
11 290499906664153120
1196406694496257
0 8590065664
2 8590065664
16 8590066688
18 8590066696
9 4406636576768
11 4406636576768
25 4406636577792
27 4406636577800
4 8590065664
20 8590066688
22 8590066696
13 2256206450262016
15 2256206450262016
6 8590065664
29 2256206450263040
31 2256206450263048
8 8590065664
10 8590065664
17 4406636576768
26 8590066696
3 4406636577800
14 8590065664
5 1155177711057110016
28 8590066688
21 1155177711057108992
24 8590066688
1 4406636577792
12 8590065664
23 1155177711057108992
19 4406636576768
30 8590066696
7 1155177711057110024
4507997959174658
0 21475164160
16 21475164160
2 21475166208
18 21475166224
8 8817568186368
24 8817568186368
10 8817568188416
26 8817568188432
1 21475164160
17 21475164160
3 21475166208
19 21475166224
9 4512417195556864
25 4512417195556864
11 4512417195558912
20 21475164160
27 4512417195558928
4 21475164160
22 21475166208
7 21475166224
30 8817568188416
14 8817568188432
21 21475164160
28 8817568186368
5 21475164160
12 8817568186368
23 21475166208
6 21475166224
29 2310355426409250816
13 2310355426409250816
31 2310355426409252864
15 2310355426409252880
4611757486951694848
0 42950328320
2 42950328320
65 42950328576
67 42950328576
4 42950332416
6 42950332448
69 42950332672
71 42950332704
16 1142461956096
18 1142461956096
81 1142461956352
83 1142461956352
20 1142461960192
22 1142461960224
85 1142461960448
87 1142461960480
64 17635136372736
66 17635136372736
1 17635136372992
3 17635136372992
68 17635136376832
70 17635136376864
5 17635136377088
7 17635136377120
80 18734648000512
82 18734648000512
17 18734648000768
19 18734648000768
84 18734648004608
86 18734648004640
21 18734648004864
73 42950328576
75 42950328576
77 42950332672
79 42950332704
89 1142461956352
91 1142461956352
93 1142461960448
95 1142461960480
72 9024834391113728
74 9024834391113728
76 9024834391117824
78 9024834391117856
88 9025933902741504
90 9025933902741504
92 9025933902745600
94 9025933902745632
31 9025933902745888
32 42950328320
34 42950328320
97 42950328576
99 42950328576
36 42950332416
38 42950332448
101 42950332672
103 42950332704
48 1142461956096
50 1142461956096
113 1142461956352
115 1142461956352
52 1142461960192
54 1142461960224
117 1142461960448
119 1142461960480
96 17635136372736
35 17635136372992
37 17635136377088
39 17635136377120
15 9024834391118112
112 18734648000512
114 18734648000512
49 18734648000768
98 17635136372736
51 18734648000768
116 18734648004608
118 18734648004640
100 17635136376832
53 18734648004864
102 17635136376864
55 18734648004896
40 42950328320
42 42950328320
44 42950332416
46 42950332448
14 42950332448
111 42950332704
56 1142461956096
24 1142461956096
121 1142461956352
26 1142461956096
123 1142461956352
28 1142461960192
125 1142461960448
8 42950328320
105 42950328576
58 1142461956096
33 17635136372992
30 1142461960224
127 1142461960480
57 4620711952330129664
104 4620710852818501632
10 42950328320
107 42950328576
60 1142461960192
59 4620711952330129664
9 9024834391113984
106 4620710852818501632
43 4620710852818501888
12 42950332416
109 42950332672
62 1142461960224
61 4620711952330133760
11 9024834391113984
108 4620710852818505728
41 4620710852818501888
63 4620711952330133792
13 9024834391118080
110 4620710852818505760
23 18734648004896
120 4620711952330129408
45 4620710852818505984
25 9025933902741760
122 4620711952330129408
29 9025933902745856
126 4620711952330133536
47 4620710852818506016
27 9025933902741760
124 4620711952330133504
306249173248835936
0 85900656640
256 85900656640
1 85900656640
257 85900656640
32 85900657152
288 85900657153
33 85900657152
289 85900657153
128 85900664832
384 85900664832
129 85900664896
385 85900664896
160 85900665344
416 85900665345
161 85900665408
417 85900665409
258 2284923912192
2 2284923912192
259 2284923912192
3 2284923912192
290 2284923912704
34 2284923912705
291 2284923912704
35 2284923912705
386 2284923920384
130 2284923920384
387 2284923920448
131 2284923920448
418 2284923920896
162 2284923920897
419 2284923920960
163 2284923920961
8 35270272745472
264 35270272745472
9 35270272745472
265 35270272745472
40 35270272745984
296 35270272745985
41 35270272745984
297 35270272745985
136 35270272753664
392 35270272753664
137 35270272753728
393 35270272753728
168 35270272754176
424 35270272754177
169 35270272754240
425 35270272754241
266 37469296001024
10 37469296001024
267 37469296001024
11 37469296001024
298 37469296001536
42 37469296001537
299 37469296001536
43 37469296001537
394 37469296009216
138 37469296009216
395 37469296009280
139 37469296009280
426 37469296009728
170 37469296009729
427 37469296009792
171 37469296009793
260 85900656640
4 85900656640
261 85900656640
5 85900656640
292 85900657152
36 85900657153
293 85900657152
37 85900657153
388 85900664832
132 85900664832
389 85900664896
133 85900664896
420 85900665344
164 85900665345
421 85900665408
165 85900665409
6 283759900622848
262 283759900622848
7 283759900622848
263 283759900622848
38 283759900623360
294 283759900623361
39 283759900623360
295 283759900623361
134 283759900631040
390 283759900631040
135 283759900631104
391 283759900631104
166 283759900631552
422 283759900631553
167 283759900631616
423 283759900631617
268 35270272745472
12 35270272745472
269 35270272745472
13 35270272745472
300 35270272745984
44 35270272745985
301 35270272745984
45 35270272745985
396 35270272753664
140 35270272753664
397 35270272753728
141 35270272753728
428 35270272754176
172 35270272754177
429 35270272754240
173 35270272754241
14 318944272711680
270 318944272711680
15 318944272711680
271 318944272711680
302 318944272712193
303 318944272712193
142 318944272719872
398 318944272719872
143 318944272719936
399 318944272719936
174 318944272720384
430 318944272720385
175 318944272720448
431 318944272720449
320 85900656640
321 85900656640
352 85900657153
353 85900657153
192 85900664832
193 85900664896
224 85900665344
225 85900665408
322 2284923912192
323 2284923912192
354 2284923912704
355 2284923912704
194 2284923920384
195 2284923920448
226 2284923920897
227 2284923920961
328 18049668782227456
329 18049668782227456
360 18049668782227969
361 18049668782227969
200 18049668782235648
201 18049668782235712
232 18049668782236160
233 18049668782236224
330 18051867805483008
331 18051867805483008
362 18051867805483520
363 18051867805483520
202 18051867805491200
203 18051867805491264
234 18051867805491713
235 18051867805491777
324 85900656640
325 85900656640
356 85900657152
357 85900657152
196 85900664832
197 85900664896
228 85900665345
229 85900665409
326 283759900622848
327 283759900622848
358 283759900623361
359 283759900623361
198 283759900631040
199 283759900631104
230 283759900631552
231 283759900631616
332 18049668782227456
333 18049668782227456
364 18049668782227968
365 18049668782227968
204 18049668782235648
64 85900656640
461 18049668782235712
205 18049668782235712
236 18049668782236161
96 85900657152
493 18049668782236224
237 18049668782236225
334 18333342782193664
335 18333342782193664
366 18333342782194177
367 18333342782194177
206 18333342782201856
65 85900656640
462 18333342782201856
207 18333342782201920
66 2284923912192
463 18333342782201920
238 18333342782202368
97 85900657152
494 18333342782202369
239 18333342782202432
98 2284923912705
495 18333342782202433
176 85900656640
432 85900656640
177 85900656640
433 85900656640
208 85900657152
67 2284923912192
464 85900657153
209 85900657152
68 85900656640
465 85900657153
304 85900664832
305 85900664896
336 85900665344
337 85900665408
434 2284923912192
178 2284923912192
435 2284923912192
179 2284923912192
69 85900656640
466 2284923912704
210 2284923912705
70 283759900622848
467 2284923912704
211 2284923912705
306 2284923920384
448 85900664832
51 2284923920448
307 2284923920448
338 2284923920897
480 85900665345
83 2284923920960
339 2284923920961
184 35270272745472
440 35270272745472
185 35270272745472
441 35270272745472
216 35270272745984
75 18051867805483008
472 35270272745985
217 35270272745984
76 18049668782227456
473 35270272745985
312 35270272753664
453 85900664896
56 35270272753664
313 35270272753728
454 283759900631040
57 35270272753728
344 35270272754176
485 85900665408
88 35270272754177
345 35270272754240
486 283759900631553
89 35270272754241
442 37469296001024
186 37469296001024
46 318944272712192
443 37469296001024
187 37469296001024
77 18049668782227456
474 37469296001536
218 37469296001537
78 18333342782193664
475 37469296001536
219 37469296001537
455 283759900631104
58 37469296009216
314 37469296009216
456 18049668782235648
59 37469296009280
488 18049668782236161
91 37469296009792
436 85900656640
71 283759900622848
468 85900657152
340 85900665345
188 35270272745472
189 35270272745472
457 18049668782235712
60 35270272753664
458 18051867805491200
61 35270272753728
489 18049668782236225
92 35270272754176
490 18051867805491712
93 35270272754240
190 318944272711680
191 318944272711680
459 18051867805491264
62 318944272719872
460 18049668782235648
63 318944272719936
491 18051867805491776
94 318944272720385
492 18049668782236160
95 318944272720449
437 85900656640
240 85900656640
99 2284923912705
496 85900656640
438 283759900622848
241 85900656640
100 85900657153
497 85900656640
72 18049668782227456
469 85900657152
272 85900657152
73 18049668782227456
470 283759900623361
273 85900657152
368 85900664832
369 85900664896
400 85900665344
341 85900665409
144 85900665345
401 85900665408
342 283759900631552
145 85900665409
101 85900657153
498 2284923912192
439 283759900622848
242 2284923912192
102 283759900623360
499 2284923912192
243 2284923912192
74 18051867805483008
471 283759900623361
274 2284923912705
275 2284923912705
370 2284923920384
371 2284923920448
343 283759900631616
146 2284923920896
402 2284923920897
147 2284923920960
80 85900665345
477 35270272745984
280 9241421705637003776
180 85900656640
377 9241421705637011520
449 85900664896
52 85900664832
49 85900664896
446 318944272711680
249 9241421705637003264
349 35270272754241
152 9241421705637011969
350 318944272720384
153 9241421705637012033
450 2284923920384
53 85900664896
50 2284923920384
447 318944272711680
250 9241423904660258816
481 85900665409
84 85900665344
81 85900665409
478 318944272712193
281 9241421705637003776
181 85900656640
378 9241423904660267008
482 2284923920896
85 85900665408
82 2284923920896
479 318944272712193
282 9241423904660259329
182 283759900622848
379 9241423904660267072
451 2284923920448
54 283759900631040
251 9241423904660258816
351 318944272720448
154 9241423904660267520
403 2284923920961
103 283759900623360
500 85900656640
244 85900656640
372 85900664832
308 85900664832
108 18049668782227969
505 9241421705637003264
408 9241421705637011968
17 85900657153
414 9241705379636978176
20 85900657152
114 2284923920384
511 9241705379636969472
117 85900664896
276 85900657153
373 85900664896
245 85900656640
148 85900665344
104 18049668782227968
501 85900656640
404 85900665345
346 37469296009729
149 85900665408
246 283759900622848
347 37469296009793
150 283759900631553
47 318944272712192
444 35270272745472
247 283759900622848
375 283759900631104
278 283759900623360
310 283759900631040
510 9241705379636969472
113 85900664896
110 18333342782194176
507 9241423904660258816
213 85900657153
413 9241421705637012033
16 85900657153
410 9241423904660267521
316 35270272753664
119 283759900631104
22 283759900623361
376 9241421705637011456
79 18333342782193664
476 35270272745984
279 283759900623360
317 35270272753728
120 9241421705637011456
214 283759900623360
411 9241423904660267585
311 283759900631104
111 18333342782194176
508 9241421705637003264
220 35270272745985
23 283759900623361
277 85900657153
374 283759900631040
212 85900657153
409 9241421705637012032
309 85900664896
509 9241421705637003264
112 85900664832
109 18049668782227969
506 9241423904660258816
18 2284923912704
415 9241705379636978240
21 85900657152
315 37469296009280
118 283759900631040
48 85900664832
445 35270272745472
248 9241421705637003264
348 35270272754177
151 283759900631617
125 9241421705637011520
28 9241421705637003776
381 9241421705637011520
484 85900665344
87 283759900631617
284 9241421705637003777
126 9241705379636977664
29 9241421705637003776
382 9241705379636977664
285 9241421705637003777
487 283759900631617
90 37469296009728
287 9241705379636969984
253 9241421705637003264
156 9241421705637011968
254 9241705379636969472
157 9241421705637012032
222 318944272712192
25 9241421705637003777
319 318944272719936
122 9241423904660267008
19 2284923912704
116 85900664832
158 9241705379636978177
255 9241705379636969472
223 318944272712192
26 9241423904660259328
123 9241423904660267072
107 18051867805483521
504 9241421705637003264
407 283759900631616
31 9241705379636969985
483 2284923920960
86 283759900631553
283 9241423904660259329
183 283759900622848
380 9241421705637011456
383 9241705379636977728
286 9241705379636969984
405 85900665409
105 18049668782227968
502 283759900622848
406 283759900631552
106 18051867805483521
503 283759900622848
30 9241705379636969985
127 9241705379636977728
155 9241423904660267584
452 85900664832
55 283759900631104
252 9241421705637003264
27 9241423904660259328
124 9241421705637011456
221 35270272745985
24 9241421705637003777
318 318944272719872
121 9241421705637011520
115 2284923920448
215 283759900623360
412 9241421705637011969
159 9241705379636978241
281543712981041
0 171801313280
8 171801313280
128 171801313280
136 171801313280
1 171801314304
9 171801314306
129 171801314304
137 171801314306
4 171801329664
12 171801329664
132 171801329792
140 171801329792
5 171801330688
13 171801330690
133 171801330816
141 171801330818
16 4569847824384
24 4569847824384
144 4569847824384
152 4569847824384
17 4569847825408
25 4569847825410
145 4569847825408
153 4569847825410
20 4569847840768
28 4569847840768
148 4569847840896
156 4569847840896
21 4569847841792
29 4569847841794
149 4569847841920
157 4569847841922
64 70540545490944
72 70540545490944
192 70540545490944
200 70540545490944
65 70540545491968
73 70540545491970
193 70540545491968
201 70540545491970
68 70540545507328
76 70540545507328
196 70540545507456
204 70540545507456
69 70540545508352
77 70540545508354
197 70540545508480
205 70540545508482
80 74938592002048
88 74938592002048
208 74938592002048
216 74938592002048
81 74938592003072
89 74938592003074
209 74938592003072
217 74938592003074
84 74938592018432
92 74938592018432
212 74938592018560
220 74938592018560
85 74938592019456
93 74938592019458
213 74938592019584
221 74938592019586
2 171801313280
10 171801313280
130 171801313280
138 171801313280
3 171801314304
11 171801314306
131 171801314304
139 171801314306
6 171801329664
14 171801329664
134 171801329792
142 171801329792
7 171801330688
15 171801330690
135 171801330816
143 171801330818
18 567519801245696
26 567519801245696
146 567519801245696
154 567519801245696
19 567519801246720
27 567519801246722
147 567519801246720
155 567519801246722
22 567519801262080
30 567519801262080
150 567519801262208
158 567519801262208
23 567519801263104
31 567519801263106
151 567519801263232
159 567519801263234
66 70540545490944
74 70540545490944
194 70540545490944
202 70540545490944
67 70540545491968
75 70540545491970
195 70540545491968
203 70540545491970
70 70540545507328
78 70540545507328
198 70540545507456
206 70540545507456
71 70540545508352
79 70540545508354
199 70540545508480
207 70540545508482
82 637888545423360
90 637888545423360
210 637888545423360
218 637888545423360
211 637888545424384
219 637888545424386
214 637888545439872
222 637888545439872
215 637888545440896
223 637888545440898
160 171801313280
168 171801313280
161 171801314304
169 171801314306
164 171801329792
172 171801329792
165 171801330816
173 171801330818
176 4569847824384
184 4569847824384
177 4569847825408
185 4569847825410
180 4569847840896
188 4569847840896
181 4569847841920
189 4569847841922
224 36099337564454912
232 36099337564454912
225 36099337564455936
233 36099337564455938
228 36099337564471424
236 36099337564471424
229 36099337564472448
237 36099337564472450
120 36103735610966016
240 36103735610966016
248 36103735610966016
121 36103735610967042
241 36103735610967040
249 36103735610967042
116 36103735610982400
124 36103735610982400
244 36103735610982528
252 36103735610982528
117 36103735610983424
125 36103735610983426
245 36103735610983552
253 36103735610983554
162 171801313280
170 171801313280
163 171801314304
171 171801314306
166 171801329792
174 171801329792
167 171801330816
175 171801330818
178 567519801245696
186 567519801245696
179 567519801246720
187 567519801246722
182 567519801262208
190 567519801262208
183 567519801263232
191 567519801263234
226 36099337564454912
234 36099337564454912
227 36099337564455936
235 36099337564455938
230 36099337564471424
238 36099337564471424
231 36099337564472448
239 36099337564472450
122 36666685564387328
242 36666685564387328
250 36666685564387328
115 36666685564388352
123 36666685564388354
243 36666685564388352
251 36666685564388354
118 36666685564403712
126 36666685564403712
246 36666685564403840
254 36666685564403840
119 36666685564404736
127 36666685564404738
247 36666685564404864
255 36666685564404866
256 171801313280
264 171801313280
384 171801313280
392 171801313280
257 171801314304
265 171801314306
385 171801314304
393 171801314306
260 171801329664
268 171801329664
388 171801329792
396 171801329792
261 171801330688
269 171801330690
389 171801330816
397 171801330818
272 4569847824384
280 4569847824384
400 4569847824384
408 4569847824384
273 4569847825408
281 4569847825410
401 4569847825408
409 4569847825410
276 4569847840768
284 4569847840768
404 4569847840896
412 4569847840896
277 4569847841792
285 4569847841794
405 4569847841920
413 4569847841922
320 70540545490944
328 70540545490944
51 567519801246720
448 70540545490944
59 567519801246722
456 70540545490944
321 70540545491968
329 70540545491970
52 4569847840768
449 70540545491968
60 4569847840768
457 70540545491970
324 70540545507328
332 70540545507328
55 567519801263104
452 70540545507456
63 567519801263106
460 70540545507456
325 70540545508352
333 70540545508354
56 4569847824384
453 70540545508480
461 70540545508482
336 74938592002048
344 74938592002048
464 74938592002048
472 74938592002048
337 74938592003072
345 74938592003074
465 74938592003072
473 74938592003074
340 74938592018432
348 74938592018432
468 74938592018560
341 74938592019456
349 74938592019458
469 74938592019584
477 74938592019586
386 171801313280
394 171801313280
259 171801314304
267 171801314306
387 171801314304
395 171801314306
390 171801329792
398 171801329792
263 171801330688
271 171801330690
391 171801330816
399 171801330818
402 72625113839173632
410 72625113839173632
275 72625113839174656
403 72625113839174656
411 72625113839174658
406 72625113839190144
414 72625113839190144
476 74938592018560
279 72625113839191040
407 72625113839191168
415 72625113839191170
322 70540545490944
330 70540545490944
53 4569847841792
450 70540545490944
61 4569847841794
458 70540545490944
323 70540545491968
331 70540545491970
54 567519801262080
451 70540545491968
262 171801329664
62 567519801262080
459 70540545491970
326 70540545507328
334 70540545507328
57 4569847825410
454 70540545507456
462 70540545507456
327 70540545508352
335 70540545508354
258 171801313280
58 567519801245696
455 70540545508480
266 171801313280
463 70540545508482
338 72695482583351296
346 72695482583351296
466 72695482583351296
474 72695482583351296
339 72695482583352320
347 72695482583352322
270 171801329664
467 72695482583352320
278 72625113839190016
475 72695482583352322
342 72695482583367680
350 72695482583367680
470 72695482583367808
478 72695482583367808
343 72695482583368704
351 72695482583368706
274 72625113839173632
471 72695482583368832
282 72625113839173632
479 72695482583368834
416 171801313280
424 171801313280
417 171801314304
425 171801314306
420 171801329792
428 171801329792
421 171801330816
32 171801313280
429 171801330818
35 171801314304
432 4569847824384
43 171801314306
440 4569847824384
36 171801329664
433 4569847825408
44 171801329664
441 4569847825410
316 4569847840768
39 171801330688
436 4569847840896
47 171801330690
444 4569847840896
317 4569847841794
40 171801313280
437 4569847841920
48 4569847824384
445 4569847841922
352 36099337564454912
360 36099337564454912
353 36099337564455936
361 36099337564455938
481 36099337564455936
356 36099337564471296
364 36099337564471296
357 36099337564472320
365 36099337564472322
368 36103735610966016
376 36103735610966016
369 36103735610967040
377 36103735610967042
372 36103735610982400
380 36103735610982400
373 36103735610983424
381 36103735610983426
287 72625113839191042
87 637888545440768
484 36099337564471424
487 36099337564472448
290 171801313280
295 171801330688
95 637888545440770
492 36099337564471424
98 36099337564454912
495 36099337564472450
298 171801313280
418 171801313280
426 171801313280
288 171801313280
485 36099337564472448
91 637888545424386
488 36099337564454912
291 171801314304
296 171801313280
96 36099337564454912
493 36099337564472450
99 36099337564455936
496 36103735610966016
299 171801314306
419 171801314304
427 171801314306
94 637888545439744
491 36099337564455938
294 171801329664
102 36099337564471296
499 108724279602316288
302 171801329664
422 171801329792
33 171801314304
430 171801329792
292 171801329664
489 36099337564455938
300 171801329664
100 36099337564471296
497 36103735610967040
103 36099337564472320
500 36103735610982528
303 171801330690
423 171801330816
34 171801313280
431 171801330818
106 36099337564454912
503 108724279602332800
306 72625113839173632
37 171801330688
434 72625113839173632
45 171801330690
442 72625113839173632
41 171801314306
438 72625113839190144
49 4569847825408
446 72625113839190144
38 171801329664
435 72625113839174656
482 36099337564454912
46 171801329664
443 72625113839174658
293 171801330688
490 36099337564454912
355 36099337564455936
363 36099337564455938
286 72625113839190016
86 637888545439744
483 36099337564455936
319 72625113839191042
310 72625113839190016
110 36099337564471296
507 108724279602316290
366 36099337564471296
367 36099337564472322
304 4569847824384
104 36099337564454912
501 36103735610983552
107 36099337564455938
504 36103735610966016
307 72625113839174656
354 36099337564454912
314 72625113839173632
114 36666685564387328
511 108724279602332802
370 108724279602315264
378 108724279602315264
318 72625113839190016
309 4569847841792
109 36099337564472322
506 108724279602315264
42 171801313280
439 72625113839191168
289 171801314304
486 36099337564471424
371 108724279602316288
374 108724279602331648
311 72625113839191040
111 36099337564472322
508 36103735610982528
305 4569847825408
105 36099337564455938
502 108724279602331776
308 4569847840768
108 36099337564471296
505 36103735610967042
358 36099337564471296
313 4569847825410
113 36103735610967040
510 108724279602331776
375 108724279602332672
301 171801330690
101 36099337564472320
498 108724279602315264
283 72625113839174658
83 637888545424384
480 36099337564454912
383 108724279602332674
359 36099337564472320
382 108724279602331648
312 4569847824384
112 36103735610966016
509 36103735610983554
315 72625113839174658
362 36099337564454912
50 567519801245696
447 72625113839191170
297 171801314306
97 36099337564455936
494 36099337564471424
379 108724279602316290
1152992973433144576
0 343602626560
1 343602626560
8 343602628608
9 343602628612
32 343602659328
33 343602659328
40 343602661376
41 343602661380
16 9139695648768
17 9139695648768
24 9139695650816
25 9139695650820
48 9139695681536
49 9139695681536
56 9139695683584
57 9139695683588
64 141081090981888
65 141081090981888
72 141081090983936
73 141081090983940
96 141081091014656
97 141081091014656
104 141081091016704
105 141081091016708
80 149877184004096
81 149877184004096
88 149877184006144
89 149877184006148
112 149877184036864
113 149877184036864
120 149877184038912
121 149877184038916
36 343602659328
37 343602659328
44 343602661376
45 343602661380
52 1135039602524160
53 1135039602524160
60 1135039602526208
61 1135039602526212
68 141081090981888
69 141081090981888
76 141081090983936
77 141081090983940
4 343602626560
101 141081091014656
12 343602628608
109 141081091016708
84 1275777090846720
85 1275777090846720
92 1275777090848768
93 1275777090848772
20 1135039602491392
117 1275777090879488
28 1135039602493440
125 1275777090881540
108 141081091016704
11 343602626560
116 1275777090879488
19 343602628612
42 343602659328
43 343602659328
50 343602661376
51 343602661380
124 1275777090881536
27 9139695648768
34 9139695650816
35 9139695650820
58 9139695681536
59 9139695681536
66 9139695683584
67 9139695683588
74 141081090981888
82 141081090983936
83 141081090983940
106 141081091014656
10 343602626560
107 141081091014656
114 141081091016704
18 343602628608
115 141081091016708
90 149877184004096
91 149877184004096
98 149877184006144
2 149877184038912
99 149877184006148
75 141081090981888
122 149877184036864
26 9139695648768
123 149877184036864
100 141081091014656
3 149877184038916
111 141081091014656
14 343602626560
119 141081091016708
22 343602628608
46 343602659328
127 145390965166735360
30 145250227678347264
78 141081090981888
31 145250227678347264
38 145250227678349312
86 141081090983936
39 145250227678349316
15 343602626560
62 145250227678380032
23 343602628612
70 145250227678382080
13 343602628612
110 141081091014656
63 145250227678380032
87 141081090983940
95 145390965166702592
71 145250227678382084
21 1135039602491392
118 141081091016704
29 1135039602493444
126 145390965166735360
79 141081090981888
55 343602661380
5 343602626560
102 145390965166704640
6 145390965166737408
103 145390965166704644
47 343602659328
94 145390965166702592
54 343602661376
7 145390965166737412
2430470604736512
0 687205253120
17 687205253120
10 687205257216
27 687205257224
4 18279391297536
21 18279391297536
14 18279391301632
31 18279391301640
16 687205253120
11 687205257224
20 2270079204982784
15 2270079204986888
8 687205253120
18 687205257216
26 687205257216
3 687205257224
12 18279391297536
22 18279391301632
6 290500455356698624
29 18279391297536
30 2270079204986880
7 18279391301640
9 687205253120
19 687205257224
5 2270079204982784
28 290500455356694528
1 687205253120
24 687205253120
25 687205253120
2 687205257216
13 290500455356694528
23 290500455356698632
2311755083940921992
0 274882101248
20 274882101248
8 274882109440
28 274882109456
16 35459254190080
4 35459254190080
24 35459254198272
12 35459254198288
2 274882101248
22 274882101248
10 274882109440
18 4539058881560576
14 4539058881568784
5 274882101248
25 274882101248
13 274882109440
1 274882109456
21 35459254190080
17 35459254198288
6 4539058881560576
29 35459254198272
30 274882109456
7 274882101248
27 274882101248
15 274882109440
26 4539058881568768
3 274882109456
23 580999811184984064
11 580999811184984064
9 35459254190080
31 580999811184992256
19 580999811184992272
36102537583009808
0 2199056809984
4 2199057072128
8 1128098963652608
9 1128098963652608
12 1128098963914752
13 1128098963916800
16 2199056809984
20 2199057072128
21 2199057074176
22 2199057074192
17 2199056809984
5 2199057074176
28 577588851267338240
1 2199056809984
24 577588851267076096
6 2199057074192
29 577588851267340288
14 1128098963916816
25 577588851267076096
30 577588851267340304
145258757480539140
0 5497642024960
8 5497642024960
16 5497642024960
24 5497642024960
9 5497642549248
17 5497642549248
25 5497642553344
1 5497642553376
18 2257297455710208
2 2257297455710208
10 2257297455710208
26 2257297455710208
3 2257297456234496
11 2257297456238592
19 2257297456238624
27 2257297456234496
4 5497642024960
12 5497642024960
20 5497642024960
13 5497642549248
21 5497642549248
28 5497642024960
5 5497642553376
22 1155178802062557184
7 1155178802063081472
30 1155178802062557184
29 5497642553344
6 1155178802062557184
14 1155178802062557184
31 1155178802063081472
15 1155178802063085568
23 1155178802063085600
1153240397477906432
0 10995284049920
18 10995284049920
16 10995284049920
34 10995284049920
8 10995284115456
26 10995284115456
24 10995284115456
42 10995284115456
32 10995285098496
50 10995285098496
48 10995285106688
66 10995285106752
40 10995285164032
58 10995285164032
56 10995285172224
74 10995285172288
77 292470260760576
95 292470260760576
93 292470260760576
111 292470260760576
85 292470260826112
103 292470260826112
101 292470260826112
119 292470260826112
109 292470261809152
127 292470261809152
125 292470261817344
15 292470261817408
117 292470261874688
7 292470261874688
5 292470261882880
52 4514594911420416
70 4514594911420416
68 4514594911420416
86 4514594911420416
60 4514594911485952
78 4514594911485952
76 4514594911485952
94 4514594911485952
84 4514594912468992
102 4514594912468992
92 4514594912534528
35 4796069888131072
43 4796069888196608
33 4796069889179648
51 4796069889179648
49 4796069889187840
67 4796069889187904
41 4796069889245184
59 4796069889245184
57 4796069889253376
75 4796069889253440
64 10995284049920
82 10995284049920
80 10995284049920
1 4796069888131072
98 10995284049920
72 10995284115456
90 10995284115456
88 10995284115456
9 4796069888196608
106 10995284115456
96 10995285098496
17 4796069888131072
114 10995285098496
112 10995285106688
104 10995285164032
25 4796069888196608
122 10995285164032
23 292470261882944
120 10995285172224
110 4514594912534528
13 292470260760576
31 292470260760576
47 292470260760576
39 292470260826112
37 292470260826112
55 292470260826112
45 292470261809152
63 292470261809152
79 292470261817408
71 292470261874688
87 292470261882944
53 292470261874688
6 2310357604125114368
4 2310357604125114368
69 292470261882880
19 4796069888131072
116 2310357604125114368
22 2310357604125114368
61 292470261817344
14 2310357604125179904
12 2310357604125179904
27 4796069888196608
124 2310357604125179904
30 2310357604125179904
20 2310357604126162944
62 2310357604126236736
65 2310639079101825024
36 2310357604126171136
83 2310639079101825024
81 2310639079101825024
2 10995285106752
99 2310639079101825024
73 2310639079101890560
89 2310639079101890560
38 2310357604126162944
10 10995285172288
107 2310639079101890560
28 2310357604126228480
100 4514594912477184
3 2310639079102881856
97 2310639079102873600
46 2310357604126228480
118 4514594912477248
21 292470260826112
115 2310639079102873600
108 4514594912542720
11 2310639079102947392
105 2310639079102939136
91 2310639079101890560
44 2310357604126236672
113 2310639079102881792
54 2310357604126171200
126 4514594912542784
29 292470260760576
123 2310639079102939136
121 2310639079102947328
2201171264128
0 21990568099840
1 21990568099840
8 21990568099840
9 21990568099840
128 21990568099840
129 21990568099840
136 21990568099840
137 21990568099840
4 21990568230912
5 21990568230912
12 21990568231168
13 21990568231168
132 21990568230912
133 21990568230912
140 21990568231168
141 21990568231168
16 21990570196992
17 21990570196992
24 21990570196992
25 21990570196992
144 21990570213376
145 21990570213504
152 21990570213376
153 21990570213504
20 21990570328064
21 21990570328064
28 21990570328320
29 21990570328320
148 21990570344448
149 21990570344576
156 21990570344704
157 21990570344832
64 584940521521152
65 584940521521152
72 584940521521152
73 584940521521152
192 584940521521152
193 584940521521152
200 584940521521152
201 584940521521152
68 584940521652224
69 584940521652224
76 584940521652480
77 584940521652480
196 584940521652224
197 584940521652224
204 584940521652480
205 584940521652480
80 584940523618304
81 584940523618304
88 584940523618304
89 584940523618304
208 584940523634688
209 584940523634816
216 584940523634688
217 584940523634816
84 584940523749376
85 584940523749376
92 584940523749632
93 584940523749632
212 584940523765760
213 584940523765888
220 584940523766016
221 584940523766144
256 9029189822840832
257 9029189822840832
264 9029189822840832
265 9029189822840832
384 9029189822840832
385 9029189822840832
392 9029189822840832
393 9029189822840832
260 9029189822971904
261 9029189822971904
268 9029189822972160
269 9029189822972160
388 9029189822971904
389 9029189822971904
396 9029189822972160
397 9029189822972160
272 9029189824937984
273 9029189824937984
280 9029189824937984
281 9029189824937984
400 9029189824954368
401 9029189824954496
408 9029189824954368
409 9029189824954496
276 9029189825069056
277 9029189825069056
284 9029189825069312
285 9029189825069312
404 9029189825085440
405 9029189825085568
412 9029189825085696
413 9029189825085824
320 9592139776262144
321 9592139776262144
328 9592139776262144
329 9592139776262144
448 9592139776262144
449 9592139776262144
456 9592139776262144
457 9592139776262144
324 9592139776393216
325 9592139776393216
332 9592139776393472
333 9592139776393472
452 9592139776393216
453 9592139776393216
460 9592139776393472
461 9592139776393472
336 9592139778359296
337 9592139778359296
344 9592139778359296
345 9592139778359296
465 9592139778375808
473 9592139778375808
340 9592139778490368
341 9592139778490368
348 9592139778490624
349 9592139778490624
469 9592139778506880
477 9592139778507136
11 21990568099840
138 21990568099840
139 21990568099840
146 21990568099840
147 21990568099840
15 21990568230912
142 21990568230912
143 21990568230912
150 21990568231168
151 21990568231168
154 21990570213376
155 21990570213504
162 21990570213376
163 21990570213504
158 21990570344448
159 21990570344576
166 21990570344704
167 21990570344832
472 9592139778375680
75 72642534559449088
202 72642534559449088
203 72642534559449088
210 72642534559449088
211 72642534559449088
476 9592139778507008
79 72642534559580160
206 72642534559580160
207 72642534559580160
214 72642534559580416
215 72642534559580416
218 72642534561562624
219 72642534561562752
226 72642534561562624
227 72642534561562752
222 72642534561693696
223 72642534561693824
230 72642534561693952
231 72642534561694080
266 9029189822840832
267 9029189822840832
274 9029189822840832
275 9029189822840832
394 9029189822840832
395 9029189822840832
402 9029189822840832
270 9029189822971904
271 9029189822971904
278 9029189822972160
279 9029189822972160
398 9029189822971904
406 9029189822972160
10 21990568099840
407 9029189822972160
282 9029189824937984
283 9029189824937984
290 9029189824937984
291 9029189824937984
410 9029189824954368
14 21990568230912
411 9029189824954496
418 9029189824954368
22 21990568231168
419 9029189824954496
286 9029189825069056
287 9029189825069056
294 9029189825069312
295 9029189825069312
414 9029189825085440
18 21990568099840
415 9029189825085568
422 9029189825085696
26 21990570196992
423 9029189825085824
330 81649733814190080
331 81649733814190080
338 81649733814190080
339 81649733814190080
466 81649733814190080
334 81649733814321152
335 81649733814321152
342 81649733814321408
343 81649733814321408
462 81649733814321152
470 81649733814321408
74 72642534559449088
471 81649733814321408
346 81649733816287232
347 81649733816287232
354 81649733816287232
355 81649733816287232
474 81649733816303616
78 72642534559580160
475 81649733816303744
482 81649733816303616
86 72642534559580416
483 81649733816303744
350 81649733816418304
351 81649733816418304
358 81649733816418560
359 81649733816418560
478 81649733816434688
82 72642534559449088
479 81649733816434816
486 81649733816434944
90 72642534561546240
487 81649733816435072
160 21990568099840
161 21990568099840
168 21990568099840
169 21990568099840
288 21990568099840
289 21990568099840
296 21990568099840
297 21990568099840
164 21990568230912
165 21990568230912
172 21990568231168
173 21990568231168
292 21990568230912
293 21990568230912
300 21990568231168
301 21990568231168
176 21990570196992
177 21990570196992
184 21990570196992
185 21990570196992
304 21990570213376
305 21990570213504
312 21990570213376
313 21990570213504
180 21990570328064
181 21990570328064
188 21990570328320
189 21990570328320
308 21990570344448
309 21990570344576
316 21990570344704
317 21990570344832
224 584940521521152
225 584940521521152
232 584940521521152
233 584940521521152
352 584940521521152
353 584940521521152
360 584940521521152
361 584940521521152
228 584940521652224
229 584940521652224
236 584940521652480
237 584940521652480
356 584940521652224
357 584940521652224
364 584940521652480
365 584940521652480
240 584940523618304
241 584940523618304
248 584940523618304
249 584940523618304
368 584940523634688
369 584940523634816
376 584940523634688
377 584940523634816
244 584940523749376
245 584940523749376
252 584940523749632
373 584940523765888
381 584940523766144
19 21990568099840
416 4620715208250228736
417 4620715208250228736
27 21990570196992
424 4620715208250228736
425 4620715208250228736
23 21990568231168
420 4620715208250359808
421 4620715208250359808
31 21990570328064
428 4620715208250360064
32 4620715208250228736
429 4620715208250360064
36 4620715208250359808
433 4620715208252325888
83 72642534559449088
480 4621278158203650048
481 4621278158203650048
91 72642534561546240
488 4621278158203650048
489 4621278158203650048
87 72642534559580416
484 4621278158203781120
485 4621278158203781120
95 72642534561677312
492 4621278158203781376
96 4621278158203650048
493 4621278158203781376
100 4621278158203781120
497 4621278158205747200
120 4621278158205763584
124 4621278158205894912
171 21990568099840
179 21990568099840
99 72642534561546240
496 4621278158205747200
299 21990568099840
372 584940523765760
175 21990568230912
380 584940523766016
183 21990568231168
187 21990570196992
195 21990570196992
125 4621278158205895040
322 21990570213376
191 21990570328064
198 21990570328320
121 4621278158205763712
318 21990570344448
326 21990570344704
130 4693335752243691520
327 21990570344832
434 4620715208250228736
37 4620715208250359808
34 21990570196992
431 4620715208250359808
234 72642534559449088
35 21990570196992
432 4620715208252325888
235 72642534559449088
442 4620715208252325888
45 4620715208250360064
42 4620715208250228736
439 4620715208250360064
242 72642534559449088
43 4620715208250228736
440 4620715208252325888
443 4620715208252325888
46 4620715208250359808
243 72642534559449088
363 72642534559449088
370 72642534559449088
174 21990568230912
371 72642534559449088
438 4620715208250360064
41 4620715208250228736
38 21990570328320
435 4620715208250228736
238 72642534559580160
39 21990570328320
436 4620715208252456960
239 72642534559580160
446 4620715208252456960
49 4620715208252342400
246 72642534559580416
47 4620715208250359808
444 4620715208252457216
447 4620715208252456960
50 4620715208250228736
247 72642534559580416
366 72642534559580160
170 21990568099840
367 72642534559580160
374 72642534559580416
178 21990568099840
375 72642534559580416
450 4620715208252325888
53 4620715208252473472
250 72642534561546240
451 4620715208252325888
54 4620715208250360064
251 72642534561546240
458 81649733814190080
61 4620715208252473728
58 4620715208252342272
455 4620715208252457216
258 72642534561546240
459 81649733814190080
62 4620715208252473344
259 72642534561546240
378 72642534561562624
182 21990568231168
379 72642534561562752
386 72642534561562624
190 21990570328064
387 72642534561562752
454 4620715208252457216
57 4620715208252342400
254 72642534561677312
255 72642534561677312
262 72642534561677568
463 81649733814321152
66 4620715208252342272
263 72642534561677568
382 72642534561693696
186 21990570196992
383 72642534561693824
430 4620715208250359808
33 4620715208250228736
30 21990570328064
427 4620715208250228736
40 4620715208250228736
437 4620715208252456960
441 4620715208252325888
44 4620715208250360064
48 4620715208252342272
445 4620715208252457216
51 4620715208250228736
253 584940523749632
56 4620715208252342272
52 4620715208252473344
60 4620715208252473600
467 81649733814190080
70 4620715208252473600
59 4620715208252342400
97 4621278158203650048
494 4693335752241709056
103 72642534561677568
500 4621278158205878272
303 21990568230912
503 4693335752241709312
106 4693335752241577984
498 4693335752241577984
101 4621278158203781120
298 21990568099840
98 72642534561546240
495 4693335752241709056
104 4621278158203650048
501 4621278158205878272
504 4621278158205747200
107 4693335752241577984
55 4620715208250360064
464 9592139778375680
67 4620715208252342400
490 4693335752241577984
505 4621278158205747200
108 4621278158203781376
105 4621278158203650048
502 4693335752241709312
111 4693335752241709056
508 4621278158205878528
311 21990568231168
511 4693335752243806208
114 4693335752241577984
403 9029189822840832
6 4693335752243806464
94 72642534561677312
491 4693335752241577984
506 4693335752243675136
109 4621278158203781376
306 21990568099840
112 4621278158205763584
509 4621278158205878528
115 4693335752241577984
63 4620715208252473472
307 21990568099840
507 4693335752243675136
110 4693335752241709056
315 21990570213504
118 4693335752241709312
131 4693335752243691648
119 4693335752241709312
510 4693335752243806208
113 4621278158205763712
310 21990568231168
390 72642534561693952
199 21990570328320
399 9029189822971904
2 4693335752243675136
362 72642534559449088
468 9592139778506752
71 4620715208252473728
194 21990570196992
391 72642534561694080
3 4693335752243675136
134 4693335752243822848
319 21990570344576
122 4693335752243691520
116 4621278158205894656
426 4620715208250228736
135 4693335752243822976
123 4693335752243691648
117 4621278158205894784
314 21990570213376
323 21990570213504
126 4693335752243822592
7 4693335752243806464
127 4693335752243822720
302 21990568230912
102 72642534561677568
499 4693335752241577984
10664594836650328576
0 43981136199680
1 43981136199680
4 43981136199680
5 43981136199680
64 43981136199680
65 43981136199680
68 43981136199680
69 43981136199680
2 43981136461824
3 43981136461824
6 43981136462336
7 43981136462337
66 43981136461824
67 43981136461824
70 43981136462336
71 43981136462337
8 43981140393984
9 43981140393984
12 43981140393984
13 43981140393984
72 43981140426752
73 43981140426752
76 43981140426752
77 43981140426752
10 43981140656128
11 43981140656128
14 43981140656640
15 43981140656641
74 43981140688896
75 43981140688896
78 43981140689408
79 43981140689409
32 1169881043042304
33 1169881043042304
36 1169881043042304
37 1169881043042304
96 1169881043042304
97 1169881043042304
100 1169881043042304
101 1169881043042304
34 1169881043304448
35 1169881043304448
38 1169881043304960
39 1169881043304961
98 1169881043304448
99 1169881043304448
102 1169881043304960
103 1169881043304961
40 1169881047236608
41 1169881047236608
44 1169881047236608
45 1169881047236608
104 1169881047269376
105 1169881047269376
108 1169881047269376
109 1169881047269376
42 1169881047498752
43 1169881047498752
46 1169881047499264
47 1169881047499265
106 1169881047531520
107 1169881047531520
110 1169881047532032
111 1169881047532033
128 18058379645681664
129 18058379645681664
132 18058379645681664
133 18058379645681664
192 18058379645681664
193 18058379645681664
196 18058379645681664
197 18058379645681664
130 18058379645943808
131 18058379645943808
134 18058379645944320
135 18058379645944321
194 18058379645943808
195 18058379645943808
198 18058379645944320
199 18058379645944321
136 18058379649875968
137 18058379649875968
140 18058379649875968
141 18058379649875968
200 18058379649908736
201 18058379649908736
204 18058379649908736
205 18058379649908736
138 18058379650138112
139 18058379650138112
142 18058379650138624
143 18058379650138625
202 18058379650170880
203 18058379650170880
206 18058379650171392
207 18058379650171393
160 19184279552524288
161 19184279552524288
164 19184279552524288
165 19184279552524288
224 19184279552524288
225 19184279552524288
228 19184279552524288
229 19184279552524288
162 19184279552786432
163 19184279552786432
166 19184279552786944
167 19184279552786945
226 19184279552786432
227 19184279552786432
230 19184279552786944
231 19184279552786945
168 19184279556718592
169 19184279556718592
172 19184279556718592
173 19184279556718592
232 19184279556751360
233 19184279556751360
236 19184279556751360
237 19184279556751360
170 19184279556980736
171 19184279556980736
174 19184279556981248
175 19184279556981249
234 19184279557013504
235 19184279557013504
238 19184279557014016
239 19184279557014017
116 145285069118898176
117 145285069118898176
115 145285069119160320
118 145285069119160832
119 145285069119160833
120 145285069123125248
121 145285069123125248
124 145285069123125248
125 145285069123125248
122 145285069123387392
123 145285069123387392
126 145285069123387904
127 145285069123387905
144 18058379645681664
145 18058379645681664
148 18058379645681664
149 18058379645681664
208 18058379645681664
209 18058379645681664
212 18058379645681664
213 18058379645681664
146 18058379645943808
147 18058379645943808
150 18058379645944320
151 18058379645944321
210 18058379645943808
211 18058379645943808
214 18058379645944320
215 18058379645944321
152 18058379649875968
153 18058379649875968
156 18058379649875968
157 18058379649875968
216 18058379649908736
217 18058379649908736
220 18058379649908736
221 18058379649908736
154 18058379650138112
155 18058379650138112
158 18058379650138624
159 18058379650138625
218 18058379650170880
219 18058379650170880
222 18058379650171392
223 18058379650171393
176 163299467628380160
177 163299467628380160
180 163299467628380160
181 163299467628380160
240 163299467628380160
241 163299467628380160
244 163299467628380160
245 163299467628380160
178 163299467628642304
179 163299467628642304
182 163299467628642816
183 163299467628642817
242 163299467628642304
243 163299467628642304
246 163299467628642816
247 163299467628642817
184 163299467632574464
185 163299467632574464
188 163299467632574464
189 163299467632574464
248 163299467632607232
249 163299467632607232
252 163299467632607232
253 163299467632607232
186 163299467632836608
187 163299467632836608
190 163299467632837120
191 163299467632837121
250 163299467632869376
251 163299467632869376
254 163299467632869888
255 163299467632869889
256 43981136199680
257 43981136199680
260 43981136199680
261 43981136199680
320 43981136199680
321 43981136199680
324 43981136199680
325 43981136199680
258 43981136461824
259 43981136461824
262 43981136462336
263 43981136462337
322 43981136461824
323 43981136461824
326 43981136462336
327 43981136462337
264 43981140393984
265 43981140393984
268 43981140393984
269 43981140393984
328 43981140426752
329 43981140426752
332 43981140426752
333 43981140426752
266 43981140656128
267 43981140656128
270 43981140656640
271 43981140656641
330 43981140688896
331 43981140688896
334 43981140689408
335 43981140689409
288 1169881043042304
289 1169881043042304
292 1169881043042304
293 1169881043042304
352 1169881043042304
353 1169881043042304
356 1169881043042304
357 1169881043042304
290 1169881043304448
291 1169881043304448
294 1169881043304960
295 1169881043304961
354 1169881043304448
355 1169881043304448
358 1169881043304960
359 1169881043304961
296 1169881047236608
297 1169881047236608
300 1169881047236608
301 1169881047236608
360 1169881047269376
361 1169881047269376
364 1169881047269376
365 1169881047269376
298 1169881047498752
299 1169881047498752
302 1169881047499264
362 1169881047531520
363 1169881047531520
366 1169881047532032
367 1169881047532033
384 9241430416500457472
385 9241430416500457472
388 9241430416500457472
389 9241430416500457472
51 145285069119160320
448 9241430416500457472
52 145285069118898176
449 9241430416500457472
55 145285069119160833
452 9241430416500457472
56 145285069123092480
453 9241430416500457472
386 9241430416500719616
387 9241430416500719616
390 9241430416500720128
391 9241430416500720129
53 145285069118898176
450 9241430416500719616
54 145285069119160832
451 9241430416500719616
57 145285069123092480
454 9241430416500720128
58 145285069123354624
455 9241430416500720129
392 9241430416504651776
393 9241430416504651776
396 9241430416504651776
397 9241430416504651776
59 145285069123354624
456 9241430416504684544
60 145285069123092480
457 9241430416504684544
63 145285069123355137
460 9241430416504684544
461 9241430416504684544
394 9241430416504913920
395 9241430416504913920
398 9241430416504914432
399 9241430416504914433
61 145285069123092480
458 9241430416504946688
62 145285069123355136
459 9241430416504946688
462 9241430416504947200
463 9241430416504947201
19 43981136461824
416 9242556316407300096
20 43981136199680
417 9242556316407300096
23 43981136462337
420 9242556316407300096
24 43981140393984
421 9242556316407300096
88 43981140426752
485 9242556316407300096
21 43981136199680
418 9242556316407562240
22 43981136462336
419 9242556316407562240
25 43981140393984
422 9242556316407562752
26 43981140656128
423 9242556316407562753
89 43981140426752
486 9242556316407562752
90 43981140688896
487 9242556316407562753
27 43981140656128
424 9242556316411494400
28 43981140393984
425 9242556316411494400
31 43981140656641
428 9242556316411494400
429 9242556316411494400
91 43981140688896
488 9242556316411527168
92 43981140426752
489 9242556316411527168
95 43981140689409
492 9242556316411527168
493 9242556316411527168
29 43981140393984
426 9242556316411756544
30 43981140656640
427 9242556316411756544
430 9242556316411757056
431 9242556316411757057
93 43981140426752
490 9242556316411789312
94 43981140689408
491 9242556316411789312
494 9242556316411789824
495 9242556316411789825
336 43981136199680
337 43981136199680
340 43981136199680
341 43981136199680
338 43981136461824
339 43981136461824
342 43981136462336
343 43981136462337
84 43981136199680
481 9242556316407300096
284 43981140393984
85 43981136199680
482 9242556316407562240
285 43981140393984
344 43981140426752
345 43981140426752
348 43981140426752
349 43981140426752
83 43981136461824
480 9242556316407300096
283 43981140656128
86 43981136462336
483 9242556316407562240
286 43981140656640
87 43981136462337
484 9242556316407300096
287 43981140656641
346 43981140688896
347 43981140688896
350 43981140689408
351 43981140689409
319 145285069123355137
383 145285069123387905
464 9241430416500457472
368 145285069118898176
465 9241430416500457472
371 145285069119160320
468 9241430416500457472
372 145285069118898176
272 43981136199680
469 9241430416500457472
369 145285069118898176
466 9241430416500719616
370 145285069119160320
467 9241430416500719616
373 145285069118898176
273 43981136199680
470 9241430416500720128
374 145285069119160832
274 43981136461824
471 9241430416500720129
375 145285069119160833
275 43981136461824
472 9241430416504684544
376 145285069123125248
276 43981136199680
473 9241430416504684544
379 145285069123387392
279 43981136462337
476 9241430416504684544
380 145285069123125248
280 43981140393984
80 43981136199680
477 9241430416504684544
377 145285069123125248
277 43981136199680
474 9241430416504946688
378 145285069123387392
278 43981136462336
475 9241430416504946688
381 145285069123125248
281 43981140393984
81 43981136199680
478 9241430416504947200
382 145285069123387904
282 43981140656128
82 43981136461824
479 9241430416504947201
432 9386671504483155968
433 9386671504483155968
436 9386671504483155968
437 9386671504483155968
496 9386671504483155968
400 9241430416500457472
497 9386671504483155968
503 9386671504483418625
306 145285069119160320
403 9241430416500719616
303 1169881047499265
500 9386671504483155968
504 9386671504487383040
307 145285069119160320
404 9241430416500457472
304 145285069118898176
501 9386671504483155968
434 9386671504483418112
401 9241430416500457472
498 9386671504483418112
502 9386671504483418624
305 145285069118898176
402 9241430416500719616
499 9386671504483418112
505 9386671504487383040
308 145285069118898176
405 9241430416500457472
112 145285069118898176
509 9386671504487383040
312 145285069123092480
309 145285069118898176
506 9386671504487645184
409 9241430416504651776
406 9241430416500720128
444 9386671504487350272
48 145285069118898176
445 9386671504487350272
435 9386671504483418112
113 145285069118898176
510 9386671504487645696
313 145285069123092480
310 145285069119160832
507 9386671504487645184
410 9241430416504913920
407 9241430416500720129
114 145285069119160320
511 9386671504487645697
314 145285069123354624
311 145285069119160833
508 9386671504487383040
411 9241430416504913920
408 9241430416504651776
439 9386671504483418625
317 145285069123092480
17 43981136199680
414 9241430416504914432
442 9386671504487612416
440 9386671504487350272
318 145285069123355136
18 43981136461824
415 9241430416504914433
315 145285069123354624
412 9241430416504651776
443 9386671504487612416
49 145285069118898176
446 9386671504487612928
50 145285069119160320
447 9386671504487612929
438 9386671504483418624
316 145285069123092480
16 43981136199680
413 9241430416504651776
441 9386671504487350272
2747196335336751184
0 87962272399360
64 87962272399360
2 87962272399360
66 87962272399360
24 87962272923648
88 87962272923648
26 87962272924672
90 87962272924674
96 87962280787968
32 87962280787968
98 87962280787968
34 87962280787968
120 87962281312256
56 87962281312256
122 87962281313280
58 87962281313282
4 2339762086084608
68 2339762086084608
6 2339762086084608
70 2339762086084608
28 2339762086608896
92 2339762086608896
30 2339762086609920
94 2339762086609922
100 2339762094473216
36 2339762094473216
102 2339762094473216
38 2339762094473216
124 2339762094997504
60 2339762094997504
126 2339762094998528
62 2339762094998530
80 36116759291363328
82 36116759291363328
40 36116759291887616
42 36116759291888640
48 36116759299751936
50 36116759299751936
72 36116759300276224
74 36116759300277250
84 38368559105048576
86 38368559105048576
44 38368559105572864
46 38368559105573888
52 38368559113437184
54 38368559113437184
76 38368559113961472
78 38368559113962498
1 87962272399360
65 87962272399360
3 87962272399360
67 87962272399360
25 87962272923648
89 87962272923648
27 87962272924672
91 87962272924674
97 87962280787968
33 87962280787968
99 87962280787968
35 87962280787968
121 87962281312256
57 87962281312256
123 87962281313280
59 87962281313282
5 290570138237796352
69 290570138237796352
71 290570138237796352
29 290570138238320640
93 290570138238320640
95 290570138238321666
104 36116759291887616
7 290570138237796352
101 290570138246184960
37 290570138246184960
39 290570138246184960
31 290570138238321664
125 290570138246709248
61 290570138246709248
127 290570138246710272
63 290570138246710274
81 36116759291363328
83 36116759291363328
41 36116759291887616
43 36116759291888640
116 38368559113437184
19 36116759291363328
16 36116759291363328
113 36116759299751936
49 36116759299751936
51 36116759299751936
8 36116759300276224
105 36116759291887616
108 38368559105572864
11 36116759300277248
75 36116759300277250
18 36116759291363328
115 36116759299751936
118 38368559113437184
21 326598935256760320
85 326598935256760320
20 38368559105048576
117 326598935265148928
23 326598935256760320
87 326598935256760320
45 326598935257284608
112 36116759299751936
15 326598935265674240
12 38368559113961472
109 326598935257284608
47 326598935257285632
114 36116759299751936
17 36116759291363328
14 38368559113962496
111 326598935257285634
53 326598935265148928
73 36116759300276224
22 38368559105048576
119 326598935265148928
79 326598935265674242
10 36116759300277248
107 36116759291888642
110 38368559105573890
13 326598935265673216
77 326598935265673216
103 290570138246184960
106 36116759291888642
9 36116759300276224
55 326598935265148928
2306977706287436033
0 175924544798720
4 175924544798720
16 175924544798720
20 175924544798720
1 175924545847296
5 175924545847296
17 175924545849344
21 175924545849348
8 4679524172169216
12 4679524172169216
24 4679524172169216
28 4679524172169216
9 4679524173217792
13 4679524173217792
25 4679524173219840
2 175924544798720
29 4679524173219844
6 175924544798720
18 175924544798720
22 175924544798720
30 581140276475592704
7 175924545847296
23 175924545849348
10 581140276475592704
14 581140276475592704
19 175924545849344
3 175924545847296
26 581140276475592704
15 581140276476641280
27 581140276476643328
11 581140276476641280
31 581140276476643332
5068762562824244
16 9077569072660480
20 9077569072660480
24 9077569072660480
28 9077569072660480
10 9077569074757632
14 9077569074757632
18 9077569074761728
22 9077569074761736
4 70369817919488
8 70369817919488
12 70369817919488
26 70369820016640
25 1161999073679507456
2 70369820020736
29 1161999073679507456
6 70369820020744
17 1161999073679507456
21 1161999073679507456
11 1161999073681604608
15 1161999073681604608
30 70369820016640
19 1161999073681608704
0 70369817919488
23 1161999073681608712
11261202697035810
0 562958543355904
16 562958543355904
2 562958543355904
18 562958543355904
4 562958610464768
20 562958610464768
22 562958610464768
21 562958610989056
23 562958610993184
10 288793334695067648
12 288793334762176512
5 562958610989056
28 288793334762176512
14 288793334762176512
24 288793334695067648
13 288793334762700800
6 562958610464768
29 288793334762700800
7 562958610993152
30 288793334762176512
26 288793334695067648
15 288793334762704896
8 288793334695067648
31 288793334762704928
11529286548823515172
0 1407396358389760
1 1407396358389760
2 1407396358389760
3 1407396358389760
8 1407396358389760
9 1407396358389760
10 1407396358389760
11 1407396358389760
4 1407396492607488
12 1407396493656064
13 1407396493656064
14 1407396493664256
15 1407396493664320
16 577868148661813248
17 577868148661813248
18 577868148661813248
19 577868148661813248
24 577868148661813248
25 577868148661813248
26 577868148661813248
27 577868148661813248
21 577868148796030976
22 577868148796030976
23 577868148796030976
5 1407396492607488
28 577868148797079552
6 1407396492607488
29 577868148797079552
7 1407396492607488
30 577868148797087744
20 577868148796030976
31 577868148797087808
720726713327421440
0 2814792716779520
17 2814792716779520
18 2814792716779520
35 2814792716779520
4 2814792716779520
21 2814792716779520
22 2814792716779520
39 2814792716779520
16 2814792733556736
33 2814792733556736
34 2814792733556736
51 2814792733556736
20 2814792733556736
37 2814792733556736
38 2814792733556736
55 2814792733556736
64 2814792985214976
81 2814792985214976
82 2814792985214976
99 2814792985214976
68 2814792987312128
85 2814792987312128
86 2814792987328512
103 2814792987328640
80 2814793001992192
97 2814793001992192
98 2814793001992192
115 2814793001992192
84 2814793004089344
101 2814793004089344
102 2814793004105728
119 2814793004105856
43 74872386754707456
47 74872386754707456
41 74872386771484672
42 74872386771484672
59 74872386771484672
45 74872386771484672
46 74872386771484672
63 74872386771484672
72 74872387023142912
89 74872387023142912
90 74872387023142912
76 74872387025240064
93 74872387025240064
94 74872387025256448
88 74872387039920128
8 74872386754707456
105 74872387039920128
26 74872386754707456
123 74872387039920128
92 74872387042017280
12 74872386754707456
109 74872387042017280
30 74872386754707456
127 74872387042033792
32 1155736297323626496
49 1155736297323626496
50 1155736297323626496
67 1155736297323626496
36 1155736297323626496
53 1155736297323626496
54 1155736297323626496
71 1155736297323626496
48 1155736297340403712
65 1155736297340403712
66 1155736297340403712
83 1155736297340403712
52 1155736297340403712
69 1155736297340403712
70 1155736297340403712
87 1155736297340403712
96 1155736297592061952
114 1155736297592061952
100 1155736297594159104
3 1155736297592061952
118 1155736297594175488
104 1227793891629989888
7 1155736297594175616
15 1227793891632103552
112 1155736297608839168
2 1155736297608839168
113 1155736297592061952
19 1155736297608839168
116 1155736297610936320
5 1155736297610936320
6 1155736297610952704
117 1155736297594159104
120 1227793891646767104
23 1155736297610952832
40 1227793891361554432
44 1227793891361554432
91 1227793891378331648
1 1155736297608839168
95 1227793891378331648
57 1227793891361554432
107 74872387023142912
10 1227793891646767104
124 1227793891648864256
27 1227793891646767104
74 1227793891378331648
24 74872386771484672
121 1227793891629989888
75 1227793891361554432
25 74872386754707456
122 1227793891629989888
61 1227793891361554432
111 74872387025256576
14 1227793891648880640
11 1227793891629989888
108 1227793891632087040
31 1227793891648880768
78 1227793891378331648
28 74872386771484672
125 1227793891632087040
62 1227793891361554432
73 1227793891378331648
58 1227793891361554432
79 1227793891361554432
29 74872386754707456
126 1227793891632103424
60 1227793891378331648
110 74872387042033664
13 1227793891648864256
56 1227793891378331648
106 74872387039920128
9 1227793891646767104
77 1227793891378331648
4611987328703989764
0 5629585433559040
65 5629585433559040
10 5629585433559040
75 5629585433559040
36 5629585433559040
101 5629585433559040
46 5629585433559040
111 5629585433559040
8 5629585467113472
73 5629585467113472
18 5629585467179008
83 5629585467179008
44 5629585467113472
109 5629585467113472
54 5629585467179008
119 5629585467179008
32 5629585970429952
97 5629585970429952
42 5629585970429952
107 5629585970429952
68 5629585974624256
5 5629585974657024
78 5629585974624256
15 5629585974657024
40 5629586003984384
105 5629586003984384
50 5629586004049920
115 5629586004049920
76 5629586008178688
13 5629586008211456
86 5629586008244224
81 149744773509414912
91 149744773509414912
52 149744773509414912
62 149744773509414912
89 149744773542969344
34 149744773543034880
60 149744773542969344
70 149744773543034880
48 149744774046285824
16 149744773509414912
113 149744774046285824
58 149744774046285824
26 149744773509414912
123 149744774046285824
84 149744774050480128
94 149744774050480128
31 149744774050512896
56 149744774079840256
24 149744773542969344
121 149744774079840256
66 149744774079905792
92 149744774084034560
102 149744774084100096
39 149744774084132864
64 2311472594647252992
74 2311472594647252992
3 149744774079905792
100 2311472594647252992
37 2311472594647252992
110 2311472594647252992
47 2311472594647252992
72 2311472594680807424
82 2311472594680872960
11 2311472594647252992
108 2311472594680807424
45 2311472594680807424
21 149744774050512896
118 2311472594680872960
55 2311472594680872960
96 2311472595184123904
87 2311472595221970944
33 2311472595184123904
80 2455587782723108864
114 2311472595217743872
17 2455587782723108864
43 2311472595184123904
90 2455587782723108864
124 2455587782756663296
27 2455587782723108864
69 2311472595188350976
22 2311472595221938176
19 2311472594680872960
116 2455587782723108864
79 2311472595188350976
29 149744774084067328
126 2455587782723108864
63 2455587782723108864
41 2311472595217678336
88 2455587782756663296
35 2455587782756728832
77 2311472595221905408
127 149744773509414912
30 2455587783264174080
4 2311472595188318208
51 2311472595217743872
1 2311472594647252992
98 2455587782756728832
53 2455587782723108864
103 2455587783297826816
6 2455587782756728832
9 2311472594680807424
106 2311472595184123904
12 2311472595221872640
59 2455587783259979776
112 2455587783259979776
67 2455587783293599744
117 149744773509414912
20 2455587783264174080
38 2455587783297794048
85 2455587783264206848
125 149744773542969344
28 2455587783297728512
25 2455587782756663296
122 2455587783259979776
99 149744773543034880
2 2455587783293599744
49 2455587783259979776
95 2455587783264206848
23 5629586008276992
120 2455587783293534208
7 149744773543034880
104 2311472595217678336
57 2455587783293534208
71 2455587782756728832
93 2455587783297761280
14 2311472595188318208
61 2455587782756663296
2382408622568375296
0 11259170867118080
4 11259170867118080
10 11259170867118080
14 11259170867118080
33 11259170867118080
37 11259170867118080
43 11259170867118080
47 11259170867118080
40 11259170934226944
44 11259170934226944
50 11259170934358016
54 11259170934358272
73 11259170934226944
77 11259170934226944
83 11259170934358016
87 11259170934358272
32 11259171940859904
36 11259171940859904
42 11259171940859904
46 11259171940859904
65 11259171949248512
69 11259171949248512
75 11259171949248512
79 11259171949248512
72 11259172007968768
76 11259172007968768
82 11259172008099840
86 11259172008100096
105 11259172016357376
109 11259172016357376
115 11259172016488448
49 299489547018829824
53 299489547018829824
59 299489547018829824
63 299489547018829824
56 299489547085938688
60 299489547085938688
66 299489547086069760
70 299489547086070016
89 299489547085938688
93 299489547085938688
48 299489548092571648
52 299489548092571648
58 299489548092571648
62 299489548092571648
81 299489548100960256
85 299489548100960256
91 299489548100960256
95 299489548100960256
88 299489548159680512
92 299489548159680512
64 4622945189294505984
68 4622945189294505984
74 4622945189294505984
78 4622945189294505984
97 4622945189294505984
101 4622945189294505984
107 4622945189294505984
111 4622945189294505984
7 299489548168200448
104 4622945189361614848
96 4622945190368247808
13 4622945189361614848
110 4622945190368247808
98 299489548159811584
1 4622945190376636416
102 299489548159811840
5 4622945190376636416
108 4622945189361614848
11 4622945190376636416
112 4911175566519959552
15 4622945190376636416
9 4622945189361614848
106 4622945190368247808
12 4622945190435356672
41 4622945190443745280
45 4622945190443745280
51 4622945190443876352
8 4622945190435356672
55 4622945190443876608
84 4911175565446217728
90 4911175565446217728
94 4911175565446217728
16 299489547018829824
113 4911175565446217728
20 299489547018829824
117 4911175565446217728
80 4911175565446217728
30 299489547018829824
127 4911175565446217728
23 4622945189361746176
120 4911175565513326592
27 4911175566528348160
124 4911175565513326592
3 299489548168200192
100 4622945190368247808
103 299489547086070016
6 4911175565513457920
26 299489547018829824
123 4911175565446217728
126 4911175566519959552
29 4911175565513326592
35 4911175565513457664
39 4911175565513457920
18 4622945190435487744
125 299489548168069120
28 4911175566587068416
25 4911175565513326592
122 4911175566519959552
114 4622945189361745920
17 4911175566528348160
67 4911175566595588096
118 4622945189361746176
21 4911175566528348160
31 4911175566528348160
99 299489547086069760
2 4911175565513457664
121 299489548168069120
24 4911175566587068416
71 4911175566595588352
61 4911175566595457024
38 4911175566587199744
119 11259172016488704
22 4622945190435488000
19 4622945189361745920
116 4911175566519959552
57 4911175566595457024
34 4911175566587199488
669057170810368
0 22518341734236160
2 22518341734236160
65 22518341734236160
67 22518341734236160
4 22518341734236160
6 22518341734236160
69 22518341734236160
71 22518341734236160
24 22518341868453888
26 22518341868453888
89 22518341868453888
91 22518341868453888
28 22518341868716032
30 22518341868716032
93 22518341868716544
95 22518341868716545
96 22518343881719808
98 22518343881719808
33 22518343881719808
35 22518343881719808
100 22518343881719808
102 22518343881719808
37 22518343881719808
39 22518343881719808
120 22518344015937536
122 22518344015937536
57 22518344015937536
59 22518344015937536
124 22518344016199680
126 22518344016199680
61 22518344016200192
63 22518344016200193
48 598979094037659648
50 598979094037659648
52 598979094037659648
54 598979094037659648
72 598979094171877376
74 598979094171877376
76 598979094172139520
78 598979094172139520
113 598979094037659648
16 598979096185143296
115 598979094037659648
18 598979096185143296
81 598979096185143296
83 598979096185143296
117 598979094037659648
20 598979096185143296
119 598979094037659648
22 598979096185143296
85 598979096185143296
87 598979096185143296
40 598979096319361024
42 598979096319361024
44 598979096319623168
46 598979096319623168
64 9245890378589011968
66 9245890378589011968
1 9245890378589011968
3 9245890378589011968
68 9245890378589011968
70 9245890378589011968
5 9245890378589011968
88 9245890378723229696
90 9245890378723229696
25 9245890378723229696
27 9245890378723229696
92 9245890378723491840
94 9245890378723491840
29 9245890378723492352
31 9245890378723492353
32 9245890380736495616
34 9245890380736495616
97 9245890380736495616
99 9245890380736495616
36 9245890380736495616
38 9245890380736495616
101 9245890380736495616
103 9245890380736495616
56 9245890380870713344
58 9245890380870713344
121 9245890380870713344
123 9245890380870713344
60 9245890380870975488
62 9245890380870975488
125 9245890380870976000
15 598979094172140033
112 9822351130892435456
17 9822351133039919104
114 9822351130892435456
49 9822351130892435456
51 9822351130892435456
19 9822351133039919104
116 9822351130892435456
21 9822351133039919104
118 9822351130892435456
53 9822351130892435456
55 9822351130892435456
105 598979096319361024
8 9822351131026653184
73 9822351131026653184
75 9822351131026653184
77 9822351131026915840
7 9245890378589011968
104 9822351133174136832
107 598979096319361024
10 9822351131026653184
79 9822351131026915841
127 9245890380870976001
80 9822351133039919104
82 9822351133039919104
84 9822351133039919104
9 598979094171877376
106 9822351133174136832
109 598979096319623680
12 9822351131026915328
11 598979094171877376
108 9822351133174398976
111 598979096319623681
14 9822351131026915328
13 598979094172140032
110 9822351133174398976
41 9822351133174136832
43 9822351133174136832
86 9822351133039919104
23 9822351133039919104
45 9822351133174399488
47 9822351133174399489
2310434578365417632
0 45036683468472320
8 45036683468472320
16 45036683468472320
24 45036683468472320
4 45036683468472320
12 45036683468472320
20 45036683468472320
28 45036683468472320
1 45036683736907776
9 45036683736907776
17 45036683736907776
5 45036683737432064
13 45036683737432064
21 45036683737433088
25 45036683736907776
2 1197958188075319296
10 1197958188075319296
18 1197958188075319296
29 45036683737433090
6 1197958188075319296
14 1197958188075319296
26 1197958188075319296
3 1197958188343754752
22 1197958188075319296
11 1197958188343754752
7 1197958188344279040
30 1197958188075319296
19 1197958188343754752
27 1197958188343754752
15 1197958188344279040
23 1197958188344280064
31 1197958188344280066
1169881764499520
0 18014673387388928
4 18014673387388928
16 18014673387388928
20 18014673387388928
1 18014673387388928
5 18014673387388928
17 18014673387388928
21 18014673387388928
24 18014673924259840
28 18014673924259840
12 18014673924259840
9 18014673925310464
13 18014673925310468
25 18014673925308416
2 2323857682601082880
29 18014673925308416
6 2323857682601082880
18 2323857682601082880
22 2323857682601082880
30 2323857683137953792
7 2323857682601082880
23 2323857682601082880
19 2323857682601082880
10 2323857683137953792
14 2323857683137953792
27 2323857683139002368
8 18014673924259840
31 2323857683139002368
11 2323857683139004416
3 2323857682601082880
26 2323857683137953792
15 2323857683139004420
2319918150155763778
0 144117387099111424
8 144117387099111424
2 144117387099111424
10 144117387099111424
4 144117387099111424
12 144117387099111424
6 144117387099111424
14 144117387099111424
16 144117387099111424
18 144117387099111424
20 144117387099111424
22 144117387099111424
24 144117387099111424
1 144117404278980608
9 144117404278980608
26 144117387099111424
3 144117404278980608
11 144117404278980608
28 144117387099111424
5 144117404278980608
13 144117404278980608
15 144117404278980608
17 144117404413198336
25 144117404413198336
19 144117404413198336
27 144117404413198336
30 144117387099111424
7 144117404278980608
29 144117404414246912
23 144117404414255104
21 144117404414246912
31 144117404414255168
9223394046553620512
0 360293467747778560
16 360293467747778560
9 360293467747778560
8 360293467747778560
17 360293467747778560
4 360293502107516928
20 360293502107516928
25 360293467747778560
2 360293467747778560
13 360293502107516928
6 360293502378066048
29 360293502107516928
24 360293467747778560
1 360293467747778560
12 360293502375952384
28 360293502375952384
5 360293502378065920
21 360293502378049536
6917529311244451968
0 720586935495557120
2 720586935495557120
8 720586935495557120
10 720586935495557120
16 720586935495557120
18 720586935495557120
24 720586935495557120
26 720586935495557120
5 720586939790524416
13 720586939790524416
15 720586939790524416
21 720586939790524416
23 720586939790524416
31 720586939790524416
20 720587004215033856
22 720587004215033856
28 720587004215033856
7 720586939790524416
30 720587004215033856
4 720587004751904768
27 720587008510001152
12 720587004756099072
1 720587008510001152
14 720587004756131840
25 720587008510001152
3 720587008510001152
11 720587009046872064
29 720586939790524416
6 720587004751904768
17 720587009051066368
9 720587009046872064
19 720587009051099136
684831110123225088
0 1441173870991114240
1 1441173870991114240
10 1441173870991114240
11 1441173870991114240
8 1441173870991114240
9 1441173870991114240
18 1441173870991114240
19 1441173870991114240
4 1441173879581048832
14 1441173879597826048
15 1441173879597826048
12 1441173879581048832
13 1441173879581048832
22 1441173879597826048
23 1441173879597826048
16 1441174008430067712
17 1441174008430067712
27 1441174008430067712
24 1441174009503809536
2 1441174009503809536
25 1441174009512198144
26 1441174008430067712
3 1441174009512198144
21 1441174017020002304
7 1441174018118909952
30 1441174017036779520
29 1441174018102132736
6 1441174018110521344
5 1441173879581048832
28 1441174018093744128
20 1441174017020002304
31 1441174017036779520
5072124482027552
0 2882347741982228480
4 2882347741982228480
1 2882347741982228480
5 2882347741982228480
16 2882347741982228480
20 2882347741982228480
17 2882347741982228480
21 2882347741982228480
2 2882347759162097664
18 2882347759162097664
22 2882347759162097664
19 2882347759195652096
23 2882347759195717632
12 2882348016860135424
9 2882348016860135424
13 2882348016860135424
24 2882348019007619072
28 2882348019007619072
6 2882347759162097664
29 2882348019007619072
10 2882348034040004608
25 2882348019007619072
14 2882348034040004608
11 2882348034073559040
3 2882347759195652096
26 2882348036187488256
15 2882348034073624576
7 2882347759195717632
30 2882348036187488256
27 2882348036221042688
8 2882348016860135424
31 2882348036221108224
189221898872193024
0 5764695483964456960
16 5764695483964456960
8 5764695483964456960
24 5764695483964456960
2 5764695483964456960
18 5764695483964456960
10 5764695483964456960
26 5764695483964456960
1 5764695518324195328
17 5764695518324195328
9 5764695518324195328
25 5764695518324195328
3 5764695518391304192
19 5764695518391304192
11 5764695518391435264
27 5764695518391435520
4 5764696033720270848
20 5764696033720270848
12 5764696033720270848
22 5764696033720270848
14 5764696033720270848
7 5764696068147118080
30 5764696033720270848
28 5764696033720270848
5 5764696068080009216
21 5764696068080009216
13 5764696068080009216
6 5764696033720270848
29 5764696068080009216
23 5764696068147118080
15 5764696068147249152
31 5764696068147249408
4617615779260727364
0 11529390967928913920
5 11529390967928913920
8 11529390967928913920
13 11529390967928913920
22 11529390967928913920
27 11529390967928913920
30 11529390967928913920
3 11529390967928913920
16 11529390967928913920
21 11529390967928913920
29 11529390967928913920
6 11529390967928913920
11 11529390967928913920
14 11529390967928913920
19 11529390967928913920
12 11529391036648390656
17 11529391036648390656
20 11529391036648390656
25 11529391036648390656
2 11529391036648390656
10 11529391036648390656
28 11529391036782608384
31 11529391036782871041
9 11529391036782608384
7 11529391036648390656
18 11529391036782870528
24 11529390967928913920
1 11529391036782608384
23 11529391036782870528
15 11529391036648390656
4 11529391036782608384
26 11529391036782871040
45040413649678336
0 4611756387171565568
16 4611756387171565568
20 4611756387171565568
9 4611756387171565568
13 4611756387171565568
1 4611756524610519040
17 4611756524610519040
5 4611756524610519040
21 4611756524610519040
10 4611756524610519040
14 4611756524610519040
30 4611756524610519040
25 4611756387171565568
2 4611756524878954496
18 4611756524878954496
29 4611756387171565568
6 4611756524878954496
11 4611756524879478784
22 4611756524878954496
4 4611756387171565568
27 4611756524879478784
26 4611756524610519040
15 4611756524879479808
31 4611756524879479810
140926552901633
0 562949953421312
8 562949953421312
1 562949953421312
9 562949953421312
48 562949953421312
56 562949953421312
49 562949953421312
57 562949953421312
10 562949953421312
18 562949953421312
11 562949953421312
19 562949953421312
58 562949953421312
2 562949953421312
59 562949953421312
3 562949953421312
32 562949953421312
40 562949953421312
33 562949953421312
41 562949953421312
24 562949953421312
17 562949953421312
25 562949953421312
42 562949953421312
50 562949953421312
43 562949953421312
26 562949953421312
34 562949953421312
27 562949953421312
35 562949953421312
51 562949953421312
4 567347999932416
12 567347999932416
5 567347999932416
52 567347999932416
13 567347999932416
60 567347999932416
61 567347999932416
14 567347999932416
16 562949953421312
63 567347999932416
36 567382359670784
37 567382359670784
22 567347999932416
45 567382359670784
20 567382359670784
53 567347999932416
6 567347999932416
29 567382359670784
23 567347999932416
46 567382628106240
44 567382359670784
21 567382359670784
31 567382630219776
7 567347999932416
54 567382628106240
47 567382628106240
55 567382628106240
30 567382630203392
62 567347999932416
15 567347999932416
38 567382630203392
28 567382359670784
39 567382630219904
9008299381883968
0 1407374883553280
8 1407374883553280
9 1407374883553280
17 1407374883553280
16 1407374883553280
24 1407374883553280
1 1407374883553280
25 1407374883553280
2 1416170976575488
10 1416170976575488
11 1416170976575488
19 1416170976575488
12 1416170976575488
20 1416170976575488
18 1416239696052224
27 1416240232923136
4 1416240237150208
26 1416239696052224
3 1416240232923136
28 1416240237117440
10376293614543776768
0 2814749767106560
8 2814749767106560
16 2814749767106560
24 2814749767106560
18 2814749767106560
26 2814749767106560
2 2814749767106560
10 2814749767106560
11 2815849278734336
19 2815849278734336
3 2815849278734336
13 2815849278734336
21 2815849278734336
12 2832341953150976
20 2832341953150976
5 2815849278734336
28 2832341953150976
27 2815849278734336
4 2832341953150976
22 2832480474234880
30 2832479392104448
7 2833441464778752
31 2833441464778752
9 2833578903732224
29 2815849278734336
6 2832479392104448
17 2833578903732224
15 2833441464778752
14 2832480465846272
25 2833579977474048
23 2833441464778752
1 2833579985862656
6597355522050
0 5629499534213120
8 5629499534213120
2 5629499534213120
10 5629499534213120
1 5629499534213120
9 5629499534213120
3 5629499534213120
11 5629499534213120
4 5631698557468672
12 5631698557468672
14 5631702852435968
13 5631698557468672
15 5631702852435968
16 5664683906301952
24 5664683906301952
18 5664683906301952
26 5664683906301952
17 5664958784208896
25 5664960931692544
27 5664960931692544
5 5631698557468672
28 5666882929557504
22 5666887224524800
19 5664958784208896
7 5631702852435968
30 5666887224524800
6 5631702852435968
29 5667159954948096
23 5667162102431744
21 5667157807464448
20 5666882929557504
31 5667164249915392
2594108640068240513
0 11258999068426240
24 11258999068426240
5 11258999068426240
29 11258999068426240
16 11258999068426240
8 11258999068426240
21 11258999068426240
13 11258999068426240
4 11263397114937344
28 11263397114937344
9 11263405704871936
1 11263405721649152
20 11263397114937344
12 11263397114937344
17 11263405721649152
18 11329367812603904
10 11329367812603904
23 11329367812603904
15 11329367812603904
25 11263405704871936
2 11329917568417792
3 11334324221640704
26 11329917568417792
30 11334315614928896
7 11329917568417792
31 11329917568417792
27 11333774449049600
19 11333774465826816
6 11334315614928896
22 11333765859115008
11 11334324204863488
14 11333765859115008
13840124639491217928
0 22517998136852480
2 22517998136852480
8 22517998136852480
10 22517998136852480
1 22517998136852480
3 22517998136852480
9 22517998136852480
11 22517998136852480
20 22526794229874688
22 22526794229874688
21 22526811409743872
23 22526811409743872
31 22526811443363840
16 22658735625207808
18 22658735625207808
24 22658735625207808
26 22658735625207808
17 22658735625207808
19 22658735625207808
29 22526811443298304
6 22667531718230016
12 22667531718230016
25 22658735625207808
14 22667531718230016
30 22526794229874688
7 22667548898099200
13 22667548931653632
4 22667531718230016
27 22658735625207808
28 22526794229874688
5 22667548898099200
15 22667548931719168
9225703285251113220
0 45035996273704960
18 45035996273704960
1 45035996273704960
19 45035996273704960
16 45035996273704960
2 45035996273704960
17 45035996273704960
3 45035996273704960
24 45035996273704960
10 45035996273704960
25 45035996273704960
11 45035996273704960
26 45035996273704960
9 45035996273704960
27 45035996273704960
4 45053588459749376
22 45053588459749376
23 45053588459749376
20 45053588459749376
21 45053588459749376
29 45053622819487744
6 45053588459749376
5 45053588459749376
28 45053622819487744
14 45053622819487744
30 45053622886596608
7 45053588459749376
12 45053622886596608
15 45053622819487744
13 45053622886727680
8 45035996273704960
31 45053622886727936
4617632316980854912
0 18014398509481984
10 18014398509481984
32 18014398509481984
42 18014398509481984
1 18014398509481984
11 18014398509481984
33 18014398509481984
43 18014398509481984
20 18014398509481984
30 18014398509481984
52 18014398509481984
62 18014398509481984
21 18014398509481984
31 18014398509481984
53 18014398509481984
63 18014398509481984
16 18014398509481984
26 18014398509481984
48 18014398509481984
58 18014398509481984
17 18014398509481984
27 18014398509481984
36 18014398509481984
46 18014398509481984
37 18014398509481984
47 18014398509481984
5 18014398509481984
15 18014398509481984
18 18049582881570816
40 18049582881570816
19 18049582881570816
41 18049582881570816
4 18014398509481984
51 18049582881570816
28 18049582881570816
13 18049651735527936
60 18049582881570816
6 18049582881570816
29 18049582881570816
39 18049582881570816
38 18049582881570816
14 18014398509481984
61 18049582881570816
54 18049651735265280
7 18049582881570816
24 18049651601047552
9 18049582881570816
56 18049651601047552
49 18014398509481984
2 18049651601047552
25 18049651601047552
50 18049582881570816
3 18049651601047552
44 18049651735265280
8 18049582881570816
55 18049651735527424
45 18049651735527424
22 18049651735265280
35 18049651601047552
59 18014398509481984
12 18049651735265280
23 18049651735527937
34 18049651601047552
57 18049651601047552
